Step: 3311, -1
Step: 3113, -0.5
Step: 3311, -0.5
Step: 1133, -0.5
Step: 1331, -0.5
Step: 1331, -0.5
Step: 1313, -1
Step: 1313, -1
Step: 1113, -1
Step: 1113, -1
Step: 1131, 0.5
Step: 1311, 0.5
Step: 1311, -0.5
Step: 1311, 0
Step: 1311, 0
Step: 1311, 0
Episode End: 1311, Total Reward:-7, Epsilon: 0.9280005
Avg. Q-Values: [0, 0, 0, 0, 0, 0, 0, 0, 0, 0, 0, 0, 0, 0, 0, 0, 0, 0, 0, 0, 0, 0, 0, 0, 0, 0, 0, 0, 0, 0, 0, 0, -0.875, 0, 0, 0, 0, 0, 0, 0, 0, 0, 0, 0, 0, 0, 0, 0, 0, 0, 0, 0, 0, 0, 0, 0, 0, 0, 0, 0, 0, 0, 0, 0, 0.0625, 0, 0, 0, 0, 0, 0, 0, 0, 0, 0, 0, 0, 0, 0, 0, -0.125, 0, 0, 0, 0, 0, 0, 0, 0, 0, 0, 0, 0, 0, 0, 0, -0.125, 0, 0, 0, 0, 0, 0, 0, 0, 0, 0, 0, 0, 0, 0, 0, -0.0625, 0, 0, 0, 0, 0, 0, 0, 0, 0, 0, 0, 0, 0, 0, 0, -0.0625, 0, 0, 0, 0, 0, 0, 0, 0, 0, 0, 0, 0, 0, 0, 0, 0, 0, 0, 0, 0, 0, 0, 0, 0, 0, 0, 0, 0, 0, 0, 0, 0, 0, 0, 0, 0, 0, 0, 0, 0, 0, 0, 0, 0, 0, 0, 0, 0, 0, 0, 0, 0, 0, 0, 0, 0, 0, 0, 0, 0, 0, 0, 0, 0, 0, 0, 0, 0, 0, 0, 0, 0, 0, 0, 0, 0, 0, 0, 0, 0, 0, 0, 0, 0, 0, 0, 0, 0, 0, 0, 0, 0, 0, 0, 0, 0, 0, 0, 0, 0, 0, 0, 0, 0, 0, 0, 0, 0, 0, 0, 0, 0, 0, 0, 0, 0, 0, 0, 0, 0, 0, 0, 0, 0, 0, 0, 0]
Step: 4114, 0.5
Step: 4231, 0.5
Step: 4114, 0
Step: 4231, 0.5
Step: 4114, 0
Step: 4321, 0.5
Step: 4411, -0.5
Step: 2233, 0
Step: 2143, -1
Step: 2314, -1
Step: 2213, 0
Step: 2314, -0.5
Step: 2213, -0.5
Step: 1124, -0.5
Step: 1224, 0.5
Step: 1243, 1
Episode End: 1243, Total Reward:0.5, Epsilon: 0.8560009
Avg. Q-Values: [0, 0, 0, 0, 0, 0, 0, 0, 0, 0, 0, 0, 0, 0, 0, 0, 0, 0, 0, 0, 0, 0, 0, 0, 0, 0, 0, 0, 0, 0, 0, 0, -0.375, 0, 0, 0, 0, 0, 0, 0, 0, 0, 0, 0, 0, 0, 0, 0, 0, 0, 0, 0, 0, 0, 0, 0, 0, 0, 0, 0, 0, 0, 0, 0, 0.0625, 0, 0, 0, 0, 0, 0.0625, 0.125, 0, 0, 0, 0, 0, 0, 0, 0, -0.125, 0, 0, 0, 0, 0, 0, 0, 0, 0, 0, 0, 0, 0, 0, 0, -0.125, 0, 0, 0, 0, 0, 0, 0, 0, 0, 0, 0, 0, 0, 0, 0, -0.0625, 0, 0, 0, 0, 0, 0, 0, 0, 0, 0, 0, 0, 0, 0, 0, -0.0625, 0, 0, 0, 0, 0, 0, 0, 0, 0.09375, 0, 0, 0, 0, 0, 0, 0, 0, 0, 0, 0, 0, 0, 0, 0, -0.0625, 0.0625, 0, 0, 0, 0, 0, 0, 0, 0, 0, 0, 0, 0, 0, 0, 0, 0, 0, 0, 0, 0, 0, 0, 0, 0, 0, 0, 0, 0, 0, 0, 0, 0, 0, 0, 0, 0, 0, 0, 0, 0, 0, 0, 0, 0, 0, 0, 0, 0, 0, 0, 0, 0, 0, 0, 0, 0, 0, 0, 0, 0, 0, 0, 0, 0, 0, 0, 0, 0, 0, 0, 0, 0, 0, 0, 0, 0, 0, 0, 0, 0, 0, 0, 0, 0, 0, 0, 0, 0, 0, 0, 0, 0, 0, 0, 0, 0, 0, 0, 0, 0, 0]
Step: 2242, 1
Step: 3422, 1
Step: 4222, 1
Step: 3222, 0
Step: 1222, 0.5
Step: 1222, 0.5
Step: 2122, 0.5
Step: 2122, 0.5
Step: 2122, 0.5
Step: 2212, 0.5
Step: 2221, -1
Step: 2121, 0.5
Step: 2121, 0.5
Step: 3121, 0.5
Step: 2121, 1
Step: 3121, 1
Episode End: 3121, Total Reward:9.5, Epsilon: 0.7840014
Avg. Q-Values: [0, 0, 0, 0, 0, 0, 0, 0, 0, 0, 1.25, 0.0625, 0.0625, -0.125, 0.0625, 0, 0, 0, 0, 0, 0, 0, 0, 0, 0, 0, 0, 0, 0, 0, 0, 0.0625, -0.375, 0, 0, 0, 0, 0, 0, 0, 0, 0, 0, 0, 0, 0, 0, 0, 0, 0, 0, 0, 0, 0, 0, 0, 0, 0, 0, 0, 0, 0, 0, 0, 0.0625, 0, 0, 0, 0, 0, 0.0625, 0.125, 0, 0, 0, 0, 0, 0, 0, 0, -0.125, 0, 0, 0, 0, 0, 0.125, 0, 0, 0, 0, 0, 0, 0, 0, 0, -0.125, 0, 0, 0, 0, 0, 0, 0, 0, 0, 0, 0, 0, 0, 0, 0, -0.0625, 0, 0, 0, 0, 0, 0, 0, 0, 0, 0, 0, 0, 0, 0, 0, -0.0625, 0, 0, 0, 0, 0, 0, 0, 0, 0.09375, 0, 0, 0, 0, 0, 0, 0, 0, 0, 0, 0, 0, 0, 0, 0, -0.0625, 0.0625, 0, 0, 0, 0, 0, 0, 0, 0, 0, 0, 0, 0, 0, 0, 0, 0, 0, 0, 0, 0, 0, 0, 0, 0, 0, 0, 0, 0, 0, 0, 0, 0, 0, 0, 0, 0, 0, 0, 0, 0, 0, 0, 0, 0, 0, 0, 0, 0, 0, 0, 0, 0, 0, 0, 0, 0, 0, 0, 0, 0, 0, 0, 0, 0, 0, 0, 0, 0, 0, 0, 0, 0, 0, 0, 0, 0, 0, 0, 0, 0, 0, 0, 0, 0, 0, 0, 0, 0, 0, 0, 0, 0, 0, 0, 0, 0, 0, 0, 0, 0, 0]
Step: 4323, -0.5
Step: 4241, 0
Step: 4323, 0.5
Step: 4241, 0.5
Step: 4141, -0.5
Step: 4213, -0.5
Step: 4123, -0.5
Step: 4213, 0
Step: 4114, 0
Step: 4312, 0
Step: 4132, 0
Step: 4321, 0.5
Step: 4411, 0
Step: 2233, 0
Step: 2143, 0
Step: 2314, 0.5
Episode End: 2314, Total Reward:0, Epsilon: 0.7120018
Avg. Q-Values: [0, 0, 0, 0, 0, 0, 0, 0, 0, 0, 1.25, 0.0625, 0.0625, -0.125, 0.0625, 0, 0, 0, 0, 0, 0, 0, 0, 0, 0, 0, -0.0625, 0, 0, 0, 0, 0.0625, -0.375, 0, 0, 0, 0, 0, 0, 0, 0, 0, 0, 0, 0, 0, 0, 0, 0, 0, 0, 0, 0, 0, 0, 0, 0, 0, 0, 0, 0, 0, 0, 0, 0.0625, 0, 0, 0, 0, 0, 0.0625, 0.125, 0, 0, 0, 0, 0, 0, 0, 0, -0.125, 0, 0, 0, 0, 0, 0.125, 0, 0, 0, 0, 0, 0, 0, 0, 0, -0.125, 0, 0, 0, 0, 0, 0, 0, 0, 0, 0, 0, 0, 0, 0, 0, -0.0625, 0, 0, 0, 0, 0, 0, 0, 0, 0, 0, 0, 0, 0, 0, 0, -0.0625, 0, 0, 0, 0, 0, 0, 0, 0, 0.09375, 0.0309375, 0, 0, 0, 0, 0, 0, 0, 0, 0, 0, 0, 0, 0, 0, -0.0625, 0.03125, -0.03125, 0, 0, 0, 0, 0, 0, 0, 0, 0, 0, 0, 0, 0, 0.0625, 0, -0.0625, 0, 0, 0, 0, 0, 0, 0, 0, 0, 0, 0, 0, 0, 0, 0, 0, 0, 0, 0, 0, 0, 0, 0, 0, 0, 0, 0, 0, 0, 0, 0, 0, 0, 0, 0, 0, 0, 0, 0, 0, 0, 0, 0, 0, 0, 0, 0, 0, 0, 0, 0, 0, 0, 0, 0, 0, 0, 0, 0, 0, 0, 0, 0, 0, 0, 0, 0, 0, 0, 0, 0, 0, 0, 0, 0, 0, 0, 0, 0, 0, 0, 0, 0, 0]
Step: 2214, -0.5
Step: 3221, -0.5
Step: 2221, 0
Step: 2121, -0.5
Step: 3121, 0
Step: 2321, 0.5
Step: 3121, 0
Step: 2321, 0.5
Step: 2312, 0
Step: 2132, -0.5
Step: 2312, 0.5
Step: 2132, 0.5
Step: 2312, 0.5
Step: 2132, -0.5
Step: 2312, 1
Step: 2132, -0.5
Episode End: 2132, Total Reward:1, Epsilon: 0.6400023
Avg. Q-Values: [0, 0, 0, 0, 0, 0, 0, 0, 0, 0, 0.6875, 0.65, 0.0625, -0.125, 0.0625, 0, 0, 0, 0, 0, 0, 0, 0, 0, 0, 0, -0.015625, 0, 0, 0, 0, 0.0625, -0.375, 0, 0, 0, 0, 0, 0, 0, 0, 0.2109375, -0.0625, 0, 0, 0, 0, 0, 0, 0, 0, 0, 0, 0, 0, 0, 0, 0, 0, 0, 0, 0, 0, 0, 0.0625, 0, 0, 0, 0, 0, 0.0625, 0.125, 0, 0, 0, 0, 0, 0, 0, 0, -0.125, 0, 0, 0, 0, 0, 0.125, 0, 0, 0, 0, 0, 0, 0, 0, 0, -0.125, 0, 0, 0, 0, 0, 0, 0, 0, 0, 0, 0, 0, 0, 0, 0, -0.0625, 0, 0, 0, 0, 0, 0, 0, 0, 0, 0, 0, 0, 0, 0, 0, -0.0625, 0, 0, 0, 0, 0, 0, 0, 0, 0.09375, 0.0309375, 0, 0, 0, 0, 0, 0, 0, 0, 0, 0, 0, 0, 0, 0, -0.0625, 0.03125, -0.03125, 0, 0, 0, 0, 0, 0, 0, 0, 0, 0, 0, 0, 0, 0.0625, 0, -0.0625, 0, 0, 0, 0, 0, 0, 0, 0, 0, 0, 0, 0, 0, 0, 0, 0, 0, 0, 0, 0, 0, 0, 0, 0, 0, 0, 0, 0, 0, 0, 0, 0, 0, 0, 0, 0, 0, 0, 0, 0, 0, 0, 0, 0, 0, 0, 0, 0, 0, 0, 0, 0, 0, 0, 0, 0, 0, 0, 0, 0, 0, 0, 0, 0, 0, 0, 0, 0, 0, 0, 0, 0, 0, 0, 0, 0, 0, 0, 0, 0, 0, 0, 0, 0]
Step: 3324, 0
Step: 3342, 1
Step: 3241, 1
Step: 3412, -0.5
Step: 3223, -0.5
Step: 3142, 0.5
Step: 3214, -0.5
Step: 3124, -0.5
Step: 3214, 0.5
Step: 3312, -0.5
Step: 1134, -0.5
Step: 3141, 0.5
Step: 1143, 0.5
Step: 1341, -0.5
Step: 1312, -0.5
Step: 1413, -0.5
Episode End: 1413, Total Reward:-1, Epsilon: 0.5680027
Avg. Q-Values: [0, 0, 0, 0, 0, 0, 0, 0, 0, 0, 0.6875, 0.65, 0.0625, -0.125, 0.0625, 0, 0, 0, 0, 0, 0, 0, 0, 0, 0, 0, -0.015625, 0, 0, 0, 0, 0.0625, -0.375, 0, 0, 0, 0, 0, 0, 0, 0, 0.2109375, -0.0625, 0, 0, 0, 0, 0, 0, 0, 0, 0, 0, 0, 0, 0, 0, 0, 0, 0, 0, 0, 0, 0, 0.0625, 0, 0, -0.125, 0, 0, 0.0625, 0.125, 0, 0, 0, 0, 0, 0, 0, 0, -0.125, 0, 0, 0, 0, 0, 0.125, 0, 0, 0, 0, 0, 0, 0, 0, 0, -0.125, 0, 0, 0, 0, 0, 0, 0, 0, 0, 0, 0, 0, 0, 0, 0, -0.0625, 0, 0, 0, 0.0625, 0, 0, 0, 0, 0, 0, 0, 0, 0, 0, 0, -0.0625, 0, 0, 0, 0, 0, -0.0625, 0, 0, 0.09375, 0.0309375, 0, 0, 0, 0, 0, 0, 0, 0, 0, 0, 0, 0, 0.0625, 0, -0.0625, 0.03125, -0.03125, 0, 0, 0, 0, 0, 0, 0, 0, 0, 0, 0, 0, 0, 0.0625, 0, -0.0625, 0, 0, 0, 0, 0, 0, 0, 0, 0, 0, 0, 0, 0, 0, 0, 0, 0, 0, 0, 0, 0, 0, 0, 0, 0, 0, 0, 0, 0, 0, 0, 0, 0, 0, 0, 0, 0, 0, 0, 0, 0, 0, 0, 0, 0, 0, 0, 0, 0, 0, 0, 0, 0, 0, 0, 0, 0, 0, 0, 0, 0, 0, 0, 0, 0, 0, 0, 0, 0, 0, 0, 0, 0, 0, 0, 0, 0, 0, 0, 0, 0, 0, 0, 0]
Step: 3223, 0.5
