Step: 1222, 0.5
Step: 2122, 0
Step: 2122, 1
Step: 2122, 1
Step: 2212, 1
Step: 2212, -0.5
Step: 3212, -0.5
Step: 2114, -0.5
Step: 3212, -0.5
Step: 2114, -1
Step: 2214, -0.5
Step: 2142, 0
Step: 2214, 1
Step: 2142, 0
Step: 2131, 1
Step: 2321, 1
Episode End: 2321, Total Reward:3.5, Epsilon: 0.9280005
Avg. Q-Values: [0, 0, 0, 0, 0, 0, 0, 0, 0, 0, 0, 0, -0.0625, -0.0625, 0.125, 0, 0, 0, 0, 0, 0, 0, 0, 0, 0, 0, 0, 0, -0.09375, 0, 0, 0, 0, 0, 0, 0, 0, 0, 0, 0, 0, 0, 0, 0.1875, 0, 0, 0, 0, 0, 0, 0, 0, 0, 0, 0, 0, 0, 0, 0, 0.125, 0, 0, 0, 0, 0, 0, 0, 0, 0, 0, 0, 0, 0, 0, 0, 0, 0, 0, 0, 0, 0, 0, 0, 0, 0, 0, 0, 0, 0, 0, 0, 0, 0, 0, 0, 0, 0, 0, 0, 0, 0, 0, 0, 0, 0, 0, 0, 0, 0, 0, 0, 0, 0, 0, 0, 0, 0, 0, 0, 0, 0, 0, 0, 0, 0, 0, 0, 0, 0, 0, 0, 0, 0, 0, 0, 0, 0, 0, 0, 0, 0, 0, 0, 0, 0, 0, 0, 0, 0, 0, 0, 0, 0, 0, 0, 0, 0, 0, 0, 0, 0, 0, 0, 0, 0, 0, 0, 0, 0, 0, 0, 0, 0, 0, 0, 0, 0, 0, 0, 0, 0, 0, 0, 0, 0, 0, 0, 0, 0, 0, 0, 0, 0, 0, 0, 0, 0, 0, 0, 0, 0, 0, 0, 0, 0, 0, 0, 0, 0, 0, 0, 0, 0, 0, 0, 0, 0, 0, 0, 0, 0, 0, 0, 0, 0, 0, 0, 0, 0, 0, 0, 0, 0, 0, 0, 0, 0, 0, 0, 0, 0, 0, 0, 0, 0, 0, 0, 0, 0, 0, 0, 0, 0, 0, 0, 0]
Step: 1144, 0.5
Step: 3322, 1
Step: 1144, 1
Step: 3322, 1
Step: 3142, 1
Step: 1324, -1
Step: 3142, 1
Step: 3223, -0.5
Step: 3421, 0
Step: 3442, 0
Step: 3421, 0
Step: 3223, -0.5
Step: 3142, -0.5
Step: 3223, 1
Step: 3421, -0.5
Step: 3232, 1
Episode End: 3232, Total Reward:4, Epsilon: 0.8560009
Avg. Q-Values: [0, 0, 0, 0, 0, 0, 0, 0, 0, 0, 0, 0, -0.0625, -0.0625, 0.125, 0, 0, 0, 0, 0, 0, 0, 0, 0, 0, 0, 0, 0, -0.09375, 0, 0, 0, 0, 0, 0, 0, 0, 0, 0, 0, 0, 0, 0, 0.1875, 0, 0, 0, 0, 0, 0, 0, 0, 0, 0, 0, 0, 0, 0, 0, 0.125, 0, 0, 0, 0, 0, 0, 0, 0, 0, 0, 0, 0, 0, 0, 0, 0, 0, 0, 0, 0, 0, 0, 0, 0, 0, 0, 0, 0, 0, 0, 0, 0, 0, 0, 0, 0, 0, 0, 0, 0, 0, 0, 0, 0, 0, 0, 0, 0, 0, 0, 0, 0, 0, 0, 0, 0, 0, 0, -0.0625, 0.1875, 0, 0, 0, 0, 0, 0, 0, 0, 0, 0, 0, 0, 0, 0, -0.0625, -0.125, 0, 0, 0, 0, 0, 0, 0, 0, 0, 0, 0, 0, 0, 0, 0.125, 0, 0, 0, 0, 0, 0, 0, 0, 0, 0, 0, 0, 0, 0, 0, 0.5, 0, 0, 0, 0, 0, 0, 0, 0, 0, 0, 0, 0, 0, 0, 0, 0, 0, 0, 0, 0, 0, 0, 0, 0, 0, 0, 0, 0, 0, 0, 0, 0, 0, 0, 0, 0, 0, 0, 0, 0, 0, 0, 0, 0, 0, 0, 0, 0, 0, 0, 0, 0, 0, 0, 0, 0, 0, 0, 0, 0, 0, 0, 0, 0, 0, 0, 0, 0, 0, 0, 0, 0, 0, 0, 0, 0, 0, 0, 0, 0, 0, 0, 0, 0, 0, 0, 0, 0, 0]
Step: 2113, 0.5
Step: 2132, 1
Step: 2113, 0.5
Step: 2213, -0.5
Step: 2231, -0.5
Step: 1231, 1
Step: 1241, -1
Step: 1123, -0.5
Step: 4221, -1
Step: 1221, 1
Step: 1221, -0.5
Step: 1212, -1
Step: 1212, -0.5
Step: 1212, -1
Step: 1212, -1
Step: 1212, -1
Episode End: 1212, Total Reward:-5, Epsilon: 0.7840014
Avg. Q-Values: [0, 0, 0, 0, 0, 0, -0.0625, 0, 0, 0, 0, 0, -0.0625, -0.0625, 0.125, 0, 0, 0, 0, 0, 0, 0, 0, 0, 0, 0, 0, 0, -0.09375, 0, 0, 0, 0, 0, 0, 0, 0, 0, 0, 0, 0, 0, 0, 0.1875, 0, 0, 0, 0, 0, 0, 0, 0, 0, 0, 0, -0.0625, -0.125, 0, 0, 0.125, 0, 0, 0, 0, 0, 0, 0, 0, 0, 0, 0, 0, 0, -0.0625, 0, 0, 0, 0, 0, 0, 0, 0, 0, 0, 0, 0, 0, 0, 0, 0, 0, 0, 0, 0, 0, 0, 0, 0, 0, 0, 0, 0, 0, 0, 0, 0, 0, 0, 0, 0, 0, 0, 0, 0, 0, 0, 0, 0, -0.0625, 0.1875, 0, 0, 0, 0, 0, 0, 0, 0, 0, 0, 0, 0, 0, 0, -0.0625, -0.125, 0, 0, 0, 0, 0, 0, 0, 0, 0, 0, 0, 0, 0, 0, 0.125, 0, 0, 0, 0, 0, 0, 0, 0, 0, 0, 0, 0, 0, 0, 0.0625, 0.5, 0, 0, 0, 0, 0, 0, 0, 0, 0, 0, 0, 0, 0, 0, 0, 0, 0, 0, 0, 0, 0, 0, 0, 0, 0, 0, 0, 0, 0, 0, 0, 0, 0, 0, 0, 0, 0, 0, 0, 0, 0, 0, 0, 0, 0, 0, 0, 0, 0, 0, 0, 0, 0, 0, 0, 0, 0, 0, 0, 0, 0, 0, 0, 0, 0, 0, 0, 0, 0, 0, 0, 0, 0, 0, 0, 0, 0, 0, 0, 0, 0, 0, 0, 0, 0, 0, 0, 0, 0]
Step: 2123, 1
Step: 2323, -0.5
Step: 2123, 1
Step: 2113, -0.5
Step: 2132, -0.5
Step: 2113, 0.5
Step: 2132, -0.5
Step: 2312, 0
Step: 2311, -0.5
Step: 1422, -0.5
Step: 1123, 1
Step: 1241, -1
Step: 1224, -0.5
Step: 1214, -1
Step: 1414, -0.5
Step: 1314, -1
Episode End: 1314, Total Reward:-4.5, Epsilon: 0.7120018
Avg. Q-Values: [0, 0, 0, 0, 0, 0, -0.0625, 0, 0, 0, 0, 0, -0.0625, -0.0625, 0.125, 0, 0, 0, 0, 0, 0, 0, 0, 0, 0, 0, 0, 0, -0.09375, 0, 0, 0, 0, 0, 0, 0, 0, 0, -0.0625, -0.125, 0.125, -0.0625, 0, 0.1875, 0, 0, 0, 0, 0, 0, 0, 0, 0, 0, -0.125, -0.0625, -0.125, -0.0625, 0, 0.125, 0, 0, 0, 0, 0, 0, 0, 0, 0, -0.125, -0.0625, 0, 0, -0.0625, 0.0625, 0, 0, 0, 0, 0, 0, 0, 0, 0, 0, -0.5625, 0, 0, 0, 0, 0, 0, 0, 0, 0, 0, 0, 0, 0, 0, 0, 0, 0, 0, 0, 0, 0, 0, 0, 0, 0, 0, 0, 0, 0, 0, 0, 0, -0.0625, 0.1875, 0, 0, 0, 0, 0, 0, 0, 0, 0, 0, 0, 0, 0, 0, -0.0625, -0.125, 0, 0, 0, 0, 0, 0, 0, 0, 0, 0, 0, 0, 0, 0, 0.125, 0, 0, 0, 0, 0, 0, 0, 0, 0, 0, 0, 0, 0, 0, 0.0625, 0.5, 0, 0, 0, 0, 0, 0, 0, 0, 0, 0, 0, 0, 0, 0, 0, 0, 0, 0, 0, 0, 0, 0, 0, 0, 0, 0, 0, 0, 0, 0, 0, 0, 0, 0, 0, 0, 0, 0, 0, 0, 0, 0, 0, 0, 0, 0, 0, 0, 0, 0, 0, 0, 0, 0, 0, 0, 0, 0, 0, 0, 0, 0, 0, 0, 0, 0, 0, 0, 0, 0, 0, 0, 0, 0, 0, 0, 0, 0, 0, 0, 0, 0, 0, 0, 0, 0, 0, 0, 0]
Step: 2211, -1
Step: 2211, -1
Step: 2211, -0.5
Step: 1122, 0
Step: 2411, 0.5
Step: 4221, -0.5
Step: 4212, 1
Step: 1212, 1
Step: 1112, -0.5
Step: 1112, -1
Step: 1112, -0.5
Step: 1112, -0.5
Step: 4112, -1
Step: 1112, 1
Step: 4112, 0.5
Step: 1112, -0.5
Episode End: 1112, Total Reward:-3.5, Epsilon: 0.6400023
Avg. Q-Values: [0, 0, 0, 0, 0, -0.125, -0.0625, -0.0625, 0.0625, 0, 0, 0, -0.0625, -0.0625, 0.125, 0, 0, 0, 0, 0, 0, 0, 0.125, 0.125, 0, 0, 0, 0, -0.09375, 0, 0, 0, 0, 0, 0, 0, 0, 0, -0.0625, -0.125, 0.125, -0.0625, 0, 0.1875, 0, 0, 0, 0, 0, 0, 0, 0, 0, 0, -0.125, -0.0625, -0.125, -0.0625, 0, 0.125, 0, 0, 0, 0, 0, 0, 0, 0, 0, -0.125, -0.0625, 0, 0, -0.0625, 0.0625, 0, 0, 0, 0, 0, 0, 0, 0, 0, -0.125, -0.5625, 0, 0, 0, 0, 0, 0, 0, 0, 0, 0, 0, 0, 0, 0, 0, 0, 0, 0, 0, 0, 0, 0, 0, 0, 0, 0, 0, 0, 0, 0, 0, 0, -0.0625, 0.1875, 0, 0, 0, 0, 0, 0, 0, 0, 0, 0, 0, 0, 0, 0, -0.0625, -0.125, 0, 0, 0, 0, 0, 0, 0, 0, 0, 0, 0, 0, 0, 0, 0.125, 0, 0, 0, 0, 0, 0, 0, 0, 0, 0, 0, 0, 0, 0, 0.0625, 0.5, 0, 0, 0, 0, 0, 0, 0, 0, 0, 0, 0, 0, 0, 0, 0, 0, 0, 0, 0, 0, 0, 0, 0, 0, 0, 0, 0, 0, 0, 0, 0, 0, 0, 0, 0, 0, 0, 0, 0, 0, 0, 0, 0, 0, 0, 0, 0, 0, 0, 0, 0, 0, 0, 0, 0, 0, 0, 0, 0, 0, 0, 0, 0, 0, 0, 0, 0, 0, 0, 0, 0, 0, 0, 0, 0, 0, 0, 0, 0, 0, 0, 0, 0, 0, 0, 0, 0, 0, 0]
Step: 1243, -1
Step: 1224, -1
Step: 1243, 1
Step: 1224, 0.5
Step: 1243, 0.5
Step: 1414, 1
Step: 1342, -1
Step: 1414, 1
Step: 1342, -0.5
Step: 1232, 0.5
Step: 1314, 1
Step: 1114, -1
