Step: 2342, 1
Step: 2322, 0.5
Step: 2114, -0.5
Step: 2232, -0.5
Step: 2421, -0.5
Step: 2232, -0.5
Step: 2421, -1
Step: 2432, -0.5
Step: 2423, -0.5
Step: 2323, -1
Step: 2134, -1
Step: 2314, 0
Step: 2213, -1
Step: 2314, -1
Step: 2143, -1
Step: 2314, -0.5
Episode End: 2314, Total Reward:-9, Epsilon: 0.9280005
Avg. Q-Values: [0, 0, 0, 0, 0, 0, 0, 0, 0, 0, 0, 0, 0, 0, 0, 0, 0, 0, 0, 0, 0, 0, 0, 0, 0, 0, 0, 0, 0, 0, 0, 0, 0, 0, 0, 0, 0, 0, 0, 0, 0, 0, 0, 0, -0.0625, -0.0625, 0, 0, 0, 0, 0, 0, 0, 0, 0, 0, 0, 0, 0, 0, -0.09375, 0, 0, 0, 0, 0, 0, 0, 0, 0, 0, 0, -0.125, 0, 0, 0, -0.0625, 0, 0, 0, 0, 0, 0, 0, 0, 0, 0, 0, -0.0625, -0.125, 0, -0.125, -0.125, 0, 0, 0, 0, 0, 0, 0, 0, 0, 0, 0, 0, 0, 0, 0, 0, 0, 0, 0, 0, 0, 0, 0, 0, 0, 0, 0, 0, 0, 0, 0, 0, 0, 0, 0, 0, 0, 0, 0, 0, 0, 0, 0, 0, 0, 0, 0, 0, 0, 0, 0, 0, 0, 0, 0, 0, 0, 0, 0, 0, 0, 0, 0, 0, 0, 0, 0, 0, 0, 0, 0, 0, 0, 0, 0, 0, 0, 0, 0, 0, 0, 0, 0, 0, 0, 0, 0, 0, 0, 0, 0, 0, 0, 0, 0, 0, 0, 0, 0, 0, 0, 0, 0, 0, 0, 0, 0, 0, 0, 0, 0, 0, 0, 0, 0, 0, 0, 0, 0, 0, 0, 0, 0, 0, 0, 0, 0, 0, 0, 0, 0, 0, 0, 0, 0, 0, 0, 0, 0, 0, 0, 0, 0, 0, 0, 0, 0, 0, 0, 0, 0, 0, 0, 0, 0, 0, 0, 0, 0, 0, 0, 0, 0]
Step: 4144, -1
Step: 4332, 0.5
Step: 4414, 0
Step: 4243, -1
Step: 4441, -0.5
Step: 4341, -0.5
Step: 4141, 1
Step: 4341, 0.5
Step: 4141, 0
Step: 4312, 0
Step: 4331, -1
Step: 4312, 0.5
Step: 4132, 0.5
Step: 4431, 0
Step: 4132, -1
Step: 4321, 0.5
Episode End: 4321, Total Reward:-0.5, Epsilon: 0.8560009
Avg. Q-Values: [0, 0, 0, 0, 0, 0, 0, 0, 0, 0, 0, 0, 0, 0, 0, 0, 0, 0, 0, 0, 0, 0, 0, 0, 0, 0, 0, 0, 0, 0, 0, 0, 0, 0, 0, 0, 0, 0, 0, 0, 0, 0, 0, 0, -0.0625, -0.0625, 0, 0, 0, 0, 0, 0, 0, 0, 0, 0, 0, 0, 0, 0, -0.09375, 0, 0, 0, 0, 0, 0, 0, 0, 0, 0, 0, -0.125, 0, 0, 0, -0.0625, 0, 0, 0, 0, 0, 0, 0, 0, 0, 0, 0, -0.0625, -0.125, 0, -0.125, -0.125, 0, 0, 0, 0, 0, 0, 0, 0, 0, 0, 0, 0, 0, 0, 0, 0, 0, 0, 0, 0, 0, 0, 0, 0, 0, 0, 0, 0, 0, 0, 0, 0, 0, 0, 0, 0, 0, 0, 0, 0, 0, 0, 0, 0, 0, 0, 0, 0, 0, 0, 0, 0, 0, 0, 0, 0, 0, 0, 0, 0, 0, 0, 0, 0, 0, 0, 0, 0, 0, 0, 0, 0, 0, 0, 0, -0.125, 0.0625, -0.125, 0, 0, 0, 0, 0, 0, 0, 0, 0, 0, 0, 0, 0, 0, 0, 0, 0.125, -0.0625, 0, 0, 0, 0, 0, 0, 0, 0, 0, 0, 0, 0, 0, 0, 0, 0, 0.0625, 0, 0, 0, 0, 0, 0, 0, 0, 0, 0, 0, 0, 0, 0, 0, 0, 0, 0, 0, 0, 0, 0, 0, 0, 0, 0, 0, 0, 0, 0, 0, 0, 0, 0, 0, 0, 0, 0, 0, 0, 0, 0, 0, 0, 0, 0, 0, 0, 0, 0]
Step: 1212, -1
Step: 1112, -1
Step: 1112, -1
Step: 1121, -1
Step: 1121, 0.5
Step: 1211, 1
Step: 4211, 0.5
Step: 1211, -1
Step: 1211, -1
Step: 4211, -1
Step: 1211, -1
Step: 1211, -1
Step: 1211, -1
Step: 4211, -0.5
Step: 1211, 0
Step: 2111, -0.5
Episode End: 2111, Total Reward:-10, Epsilon: 0.7840014
Avg. Q-Values: [0, 0, -1.34375, 0.0625, 0.0625, -0.125, 0, 0, 0, 0, 0, 0, 0, 0, 0, 0, 0, 0, 0, 0, 0, 0, 0, 0, 0, 0, 0, 0, 0, 0, 0, 0, 0, 0, 0, 0, 0, 0, 0, 0, 0, 0, 0, 0, -0.0625, -0.0625, 0, 0, 0, 0, 0, 0, 0, 0, 0, 0, 0, 0, 0, 0, -0.09375, 0, 0, 0, 0, 0, 0, 0, 0, 0, 0, 0, -0.125, 0, 0, 0, -0.0625, 0, 0, 0, 0, 0, 0, 0, 0, 0, 0, 0, -0.0625, -0.125, 0, -0.125, -0.125, 0, 0, 0, 0, 0, 0, 0, 0, 0, 0, 0, 0, 0, 0, 0, 0, 0, 0, 0, 0, 0, 0, 0, 0, 0, 0, 0, 0, 0, 0, 0, 0, 0, 0, 0, 0, 0, 0, 0, 0, 0, 0, 0, 0, 0, 0, 0, 0, 0, 0, 0, 0, 0, 0, 0, 0, 0, 0, 0, 0, 0, 0, 0, 0, 0, 0, 0, 0, 0, 0, 0, 0, 0, 0, 0, -0.125, 0.0625, -0.125, 0, 0, 0, 0, 0, 0, 0, 0, 0, 0, 0, 0, 0, 0, 0, 0, 0.125, -0.0625, 0, 0, 0, 0, 0, 0, 0, 0, 0, 0, 0, 0, 0, 0, 0, 0, 0.0625, 0, 0, 0, 0, 0, 0, 0, 0, 0, 0, 0, 0, 0, 0, 0, 0, 0, 0, 0, 0, 0, 0, 0, 0, 0, 0, 0, 0, 0, 0, 0, 0, 0, 0, 0, 0, 0, 0, 0, 0, 0, 0, 0, 0, 0, 0, 0, 0, 0, 0]
Step: 1241, 1
Step: 1123, 0.5
Step: 1241, 0.5
Step: 1242, 1
Step: 1223, 1
Step: 1412, 1
Step: 1421, -1
Step: 1141, -1
Step: 1312, -0.5
Step: 1341, -0.5
Step: 1321, 1
Step: 1413, 1
Step: 4113, -1
Step: 4131, -0.5
Step: 4113, 0
Step: 4131, 0
Episode End: 4131, Total Reward:2, Epsilon: 0.7120018
Avg. Q-Values: [0, 0.125, -1.34375, 0.0625, 0.0625, -0.125, 0, 0, 0, 0, 0, 0, 0, 0, 0, 0, 0, 0, 0, 0, 0, 0, 0, 0, 0, 0, 0, 0, 0, 0, 0, 0, 0, 0, 0, -0.0625, -0.125, -0.125, 0.15625, 0, 0, 0, 0, 0, -0.0625, -0.0625, 0, 0, 0, 0, 0, -0.0625, 0, 0, 0.125, 0, 0, 0, 0, 0, -0.09375, 0, 0, 0, 0, 0, -0.0625, 0.125, 0, 0, 0, 0, -0.125, 0, 0, 0, -0.0625, 0, 0, 0, 0, 0, 0, 0.125, 0, 0, 0, 0, -0.0625, -0.125, 0, -0.125, -0.125, 0, 0, 0, 0, 0, 0, 0, 0, 0, 0, 0, 0, 0, 0, 0, 0, 0, 0, 0, 0, 0, 0, 0, 0, 0, 0, 0, 0, 0, 0, 0, 0, 0, 0, 0, 0, 0, 0, 0, 0, 0, 0, 0, 0, 0, 0, 0, 0, 0, 0, 0, 0, 0, 0, 0, 0, 0, 0, 0, 0, 0, 0, 0, 0, 0, 0, 0, 0, 0, 0, 0, 0, 0, 0, 0, -0.125, 0.0625, -0.125, 0, 0, 0, 0, 0, 0, 0, 0, 0, 0, 0, 0, 0, 0, 0, 0, 0.125, -0.0625, 0, 0, 0, 0, 0, 0, 0, 0, 0, 0, 0, 0, 0, 0, 0, 0, 0.0625, 0, 0, 0, 0, 0, 0, 0, 0, 0, 0, 0, 0, 0, 0, 0, 0, 0, 0, 0, 0, 0, 0, 0, 0, 0, 0, 0, 0, 0, 0, 0, 0, 0, 0, 0, 0, 0, 0, 0, 0, 0, 0, 0, 0, 0, 0, 0, 0, 0, 0]
Step: 3241, 1
Step: 3412, 0.5
Step: 3322, 0
Step: 3142, 1
Step: 3223, 0
Step: 3142, 0.5
Step: 3214, 0.5
Step: 3312, -1
Step: 1134, -1
Step: 1232, 1
Step: 1134, 1
Step: 1232, 0.5
Step: 1134, 1
Step: 1232, 0.5
Step: 1143, 1
Step: 1341, 0
Episode End: 1341, Total Reward:6, Epsilon: 0.6400023
Avg. Q-Values: [0, 0.125, -1.34375, 0.0625, 0.0625, -0.125, 0, 0, 0, 0, 0, 0, 0, 0, 0, 0, 0, 0, 0, 0, 0, 0, 0, 0, 0, 0, 0, 0, 0, 0, 0, 0, 0, 0, 0, -0.0625, -0.125, -0.125, 0.15625, 0, 0, 0, 0, 0, -0.0625, -0.0625, 0, 0, 0, 0, 0, -0.0625, 0, 0, 0.125, 0, 0, 0, 0, 0, -0.09375, 0, 0, 0, 0, 0, -0.0625, 0.125, 0, 0, 0, 0, -0.125, 0, 0, 0, -0.0625, 0, 0, 0, 0, 0, 0, 0.125, 0, 0, 0, 0, -0.0625, -0.125, 0, -0.125, -0.125, 0, 0, 0, 0, 0, 0, 0, 0.09375, 0, 0, 0, 0, 0, 0, 0, 0, 0, 0, 0, 0, 0, 0, 0, 0, 0, 0, 0, 0, 0, 0, 0, 0, 0, 0, 0, 0, 0, 0, 0, 0, -0.125, -0.0625, 0, 0, 0, 0, 0, 0, 0, 0, 0, 0, 0, 0, 0, 0, 0, 0, 0, 0, 0, 0, 0, 0, 0, 0, 0, 0, 0, 0, 0, 0, 0, 0, 0, -0.0625, 0.0625, -0.125, 0, 0, 0, 0, 0, 0, 0, 0, 0, 0, 0, 0, 0, 0, 0, 0, 0.125, -0.0625, 0, 0, 0, 0, 0, 0, 0, 0, 0, 0, 0, 0, 0, 0, 0, 0, 0.0625, 0, 0, 0, 0, 0, 0, 0, 0, 0, 0, 0, 0, 0, 0, 0, 0, 0, 0, 0, 0, 0, 0, 0, 0, 0, 0, 0, 0, 0, 0, 0, 0, 0, 0, 0, 0, 0, 0, 0, 0, 0, 0, 0, 0, 0, 0, 0, 0, 0, 0]
Step: 2114, 1
Step: 3212, 0.5
Step: 2212, -0.5
Step: 2212, -1
Step: 3212, -1
Step: 3221, -1
Step: 2221, -1
Step: 2221, -0.5
Step: 2121, -0.5
Step: 2112, -0.5
Step: 2112, -1
Step: 2112, -1
Step: 2112, 0
Step: 3112, 0.5
Step: 2112, 1
