Step: 2134, 0.5
Step: 2113, 0.5
Step: 2213, -0.5
Step: 2314, -1
Step: 1423, 0
Step: 1124, 1
Step: 1224, 0
Step: 1214, -0.5
Step: 1114, -0.5
Step: 1312, -1
Step: 1341, -1
Step: 1312, -1
Step: 1141, -1
Step: 1421, -0.5
Step: 1141, 0
Step: 1312, 0
Episode End: 1312, Total Reward:-6, Epsilon: 0.9280005
Avg. Q-Values: [0, 0, 0, 0, 0, 0, 0, 0, 0, 0, 0, 0, 0, 0, 0, 0, 0, 0, 0, 0, 0, 0, 0, 0, 0, 0, 0, 0, 0, 0, 0, 0, 0, 0, 0, 0, 0, 0, 0, 0, 0, 0, 0, 0, 0, 0, 0, 0, 0, 0, 0, -0.75, 0, 0, 0, 0, 0, 0, 0, 0, 0, 0, 0, 0, 0, 0, 0, -0.125, -0.125, -0.125, -0.0625, -0.0625, 0, -0.125, 0, 0, 0, 0, 0, 0, 0, 0, 0, 0, 0, 0, 0, 0, 0.125, 0, 0.0625, 0, 0, 0, 0, 0, 0, 0, 0, 0, 0, 0, 0, 0, 0, 0, 0, 0, 0, 0, 0, 0, 0, 0, 0, 0, 0, 0, 0, 0, 0, 0, 0, 0, 0, 0, 0, 0, 0, 0, 0, 0, 0, 0, 0, 0, 0, 0, 0, 0, 0, 0, 0, 0, 0, 0, 0, 0, 0, 0, 0, 0, 0, 0, 0, 0, 0, 0, 0, 0, 0, 0, 0, 0, 0, 0, 0, 0, 0, 0, 0, 0, 0, 0, 0, 0, 0, 0, 0, 0, 0, 0, 0, 0, 0, 0, 0, 0, 0, 0, 0, 0, 0, 0, 0, 0, 0, 0, 0, 0, 0, 0, 0, 0, 0, 0, 0, 0, 0, 0, 0, 0, 0, 0, 0, 0, 0, 0, 0, 0, 0, 0, 0, 0, 0, 0, 0, 0, 0, 0, 0, 0, 0, 0, 0, 0, 0, 0, 0, 0, 0, 0, 0, 0, 0, 0, 0, 0, 0, 0, 0, 0, 0, 0, 0, 0]
Step: 2323, 1
Step: 2123, 0.5
Step: 2131, 0.5
Step: 2123, 0.5
Step: 2323, 1
Step: 2134, 0.5
Step: 2113, 0.5
Step: 2134, -0.5
Step: 2332, 0.5
Step: 2134, -0.5
Step: 2113, 1
Step: 2134, -1
Step: 2113, 0.5
Step: 2132, 0
Step: 2113, -0.5
Step: 2132, -0.5
Episode End: 2132, Total Reward:2.5, Epsilon: 0.8560009
Avg. Q-Values: [0, 0, 0, 0, 0, 0, 0, 0, 0, 0, 0, 0, 0, 0, 0, 0, 0, 0, 0, 0, 0, 0, 0, 0, 0, 0, 0, 0, 0, 0, 0, 0, 0, 0, 0, 0, 0, 0, 0, 0, 0, 0, 0, 0, 0, 0, 0, 0, 0, 0, 0, -0.75, 0, 0, 0, 0, 0, -0.01609375, 0.125, 0, 0, 0, 0, 0, 0, 0, 0, 0.0625, -0.125, -0.125, -0.0625, -0.0625, 0, -0.03125, 0.0934375, 0, 0, 0, 0, 0, 0, 0, 0, 0, 0, 0, 0, 0, 0.125, -0.0625, 0.09375, 0.0934375, 0, 0, 0, 0, 0, 0, 0, 0, 0, 0, 0, 0, 0, 0, 0, 0, 0, 0, 0, 0, 0, 0, 0, 0, 0, 0, 0, 0, 0, 0, 0, 0, 0, 0, 0, 0, 0, 0, 0, 0, 0, 0, 0, 0, 0, 0, 0, 0, 0, 0, 0, 0, 0, 0, 0, 0, 0, 0, 0, 0, 0, 0, 0, 0, 0, 0, 0, 0, 0, 0, 0, 0, 0, 0, 0, 0, 0, 0, 0, 0, 0, 0, 0, 0, 0, 0, 0, 0, 0, 0, 0, 0, 0, 0, 0, 0, 0, 0, 0, 0, 0, 0, 0, 0, 0, 0, 0, 0, 0, 0, 0, 0, 0, 0, 0, 0, 0, 0, 0, 0, 0, 0, 0, 0, 0, 0, 0, 0, 0, 0, 0, 0, 0, 0, 0, 0, 0, 0, 0, 0, 0, 0, 0, 0, 0, 0, 0, 0, 0, 0, 0, 0, 0, 0, 0, 0, 0, 0, 0, 0, 0, 0, 0, 0]
Step: 1314, -1
Step: 1341, -1
Step: 1321, -0.5
Step: 1132, 0.5
Step: 1321, 0
Step: 1413, 0.5
Step: 1431, 0.5
Step: 4131, 1
Step: 4113, 1
Step: 4131, 0.5
Step: 4311, 1
Step: 4131, 0
Step: 4311, 1
Step: 4131, 0
Step: 1131, 1
Step: 1311, -0.5
Episode End: 1311, Total Reward:3.5, Epsilon: 0.7840014
Avg. Q-Values: [0, 0, 0, 0, 0, 0, 0, 0, 0, 0, 0, 0, 0, 0, 0, 0, 0, 0, 0, 0, 0, 0, 0, 0, 0, 0, 0, 0, 0, 0, 0, 0, 0, 0.2339062, 0, 0, 0, 0, 0, 0, 0, 0, 0, 0, 0, 0, 0, 0, 0, 0, 0.125, -0.75, 0, 0, 0, 0, 0, -0.01609375, 0.125, 0, 0, 0, 0, 0, 0, 0, 0, 0.0625, -0.125, -0.125, -0.0625, -0.0625, 0, -0.03125, 0.0934375, 0, 0, 0, 0, 0, 0, 0, 0, 0.0625, -0.0625, 0, 0, 0, 0.125, -0.0625, 0.09375, 0.0934375, 0, 0, 0, 0, 0, 0, 0, 0, 0, 0, 0, 0, 0, 0, 0, 0, 0, 0, 0, 0, 0, 0, 0, 0, 0, 0, 0, 0, 0, 0, 0, 0, 0, 0, 0, 0, 0, 0, 0, 0, 0, 0, 0, 0, 0, 0, 0, 0, 0, 0, 0, 0, 0, 0, 0, 0, 0, 0, 0, 0, 0, 0, 0, 0, 0, 0, 0, 0, 0, 0, 0, 0, 0, 0, 0, 0, 0, 0, 0, 0, 0, 0, 0, 0, 0, 0, 0, 0, 0, 0, 0, 0, 0, 0, 0, 0, 0, 0, 0, 0, 0, 0, 0, 0, 0, 0, 0, 0, 0, 0, 0, 0, 0, 0, 0, 0, 0, 0, 0, 0, 0, 0, 0, 0, 0, 0, 0, 0, 0, 0, 0, 0, 0, 0, 0, 0, 0, 0, 0, 0, 0, 0, 0, 0, 0, 0, 0, 0, 0, 0, 0, 0, 0, 0, 0, 0, 0, 0, 0, 0, 0, 0, 0, 0]
Step: 2144, 1
Step: 4322, 0
Step: 2344, 0
Step: 4232, -0.5
Step: 2414, 0
Step: 4232, 0
Step: 2414, 0.5
Step: 4232, 0
Step: 2243, 1
Step: 2141, -1
Step: 2243, 0
Step: 4421, 0
Step: 2243, 1
Step: 4421, -0.5
Step: 4123, 1
Step: 4213, 0
Episode End: 4213, Total Reward:2, Epsilon: 0.7120018
Avg. Q-Values: [0, 0, 0, 0, 0, 0, 0, 0, 0, 0, 0, 0, 0, 0, 0, 0, 0, 0, 0, 0, 0, 0, 0, 0, 0, 0, 0, 0, 0, 0, 0, 0, 0, 0.2339062, 0, 0, 0, 0, 0, 0, 0, 0, 0, 0, 0, 0, 0, 0, 0, 0, 0.125, -0.75, 0, 0, 0, 0, 0, -0.01609375, 0.125, 0, 0, 0, 0, 0, 0, 0, 0, 0.0625, -0.125, -0.125, -0.0625, -0.0625, 0, -0.03125, 0.0934375, 0, 0, 0, 0, 0, 0, 0, 0, 0.0625, -0.0625, 0, 0, 0, 0.125, -0.0625, 0.09375, 0.0934375, 0, 0, 0, 0, 0, 0, 0, 0, 0, 0, 0, 0, 0, 0, 0, 0, 0, 0, 0, 0, 0, 0, 0, 0, 0, 0, 0, 0, 0, 0, 0, 0.1875, -0.125, 0, -0.0625, 0, 0, 0, 0, 0, 0, 0, 0, 0, 0, 0, 0.25, 0, 0, 0, 0, 0, 0, 0, 0, 0, 0, 0, 0, 0, 0, 0, 0, 0, 0, 0, 0, 0, 0, 0, 0, 0, 0, 0, 0, 0, 0, 0, 0, 0, 0, 0, 0, 0, 0, 0, 0, 0, 0, 0, 0, 0, 0, 0, 0, 0, 0, 0, 0, 0, 0, 0, 0, 0, 0, 0, 0, 0, 0, 0, 0, 0, 0, 0, 0, 0, 0, 0, 0, 0, 0, 0, 0, 0, 0, 0, 0, 0, 0, 0, 0, 0, 0, 0, 0, 0, 0, 0, 0, 0, 0, 0, 0, 0, 0, 0, 0, 0, 0, 0, 0, 0, 0, 0, 0, 0, 0, 0, 0, 0, 0, 0, 0, 0]
Step: 4314, 0
Step: 4413, 0
Step: 4133, 0.5
Step: 3244, 0
Step: 3324, -0.5
Step: 3423, -0.5
Step: 3442, 1
Step: 3423, 0.5
Step: 3424, 1
Step: 3432, 1
Step: 3332, 0.5
Step: 3134, 0
Step: 3123, 1
Step: 3321, 1
Step: 3123, 0
Step: 3134, 0
Episode End: 3134, Total Reward:6, Epsilon: 0.6400023
Avg. Q-Values: [0, 0, 0, 0, 0, 0, 0, 0, 0, 0, 0, 0, 0, 0, 0, 0, 0, 0, 0, 0, 0, 0, 0, 0, 0, 0, 0, 0, 0, 0, 0, 0, 0, 0.2339062, 0, 0, 0, 0, 0, 0, 0, 0, 0, 0, 0, 0, 0, 0, 0, 0, 0.125, -0.75, 0, 0, 0, 0, 0, -0.01609375, 0.125, 0, 0, 0, 0, 0, 0, 0, 0, 0.0625, -0.125, -0.125, -0.0625, -0.0625, 0, -0.03125, 0.0934375, 0, 0, 0, 0, 0, 0, 0, 0, 0.0625, -0.0625, 0, 0, 0, 0.125, -0.0625, 0.09375, 0.0934375, 0, 0, 0, 0, 0, 0, 0, 0, 0, 0, 0, 0, 0, 0, 0, 0, 0, 0, 0, 0, 0, 0, 0, 0, 0, 0, 0, 0, 0, 0, 0, 0.1875, -0.125, 0, -0.0625, 0, 0, 0, 0, 0, 0, 0, 0, 0, 0, 0, 0.25, 0, 0, 0, 0, 0, 0, 0, 0, 0, 0, 0, 0, 0, 0, 0, 0, 0, 0, 0, 0, 0, 0, 0, 0, 0.75, 0, 0, 0, 0, 0, 0, 0, 0, 0, 0, 0, 0, 0, 0, 0, 0, 0.125, 0, 0.125, 0, 0, 0, 0, 0, 0, 0, 0, 0, 0, 0, 0, 0, 0, 0, 0.125, 0.125, 0, 0.0625, 0, 0, 0, 0, 0, 0, 0, 0, 0, 0, 0, 0, 0, 0, -0.0625, 0, 0, 0, 0, 0, 0, 0, 0, 0, 0, 0, 0, 0, 0, 0, 0, 0, 0, 0, 0, 0, 0, 0, 0, 0, 0, 0, 0, 0, 0, 0, 0, 0, 0, 0, 0, 0, 0, 0]
Step: 4213, 0
Step: 4123, -0.5
Step: 2341, -0.5
Step: 2431, -0.5
Step: 2332, -1
Step: 2134, -0.5
Step: 2113, -0.5
Step: 2134, -0.5
Step: 2113, -0.5
Step: 2134, -0.5
Step: 2314, 0
Step: 1423, -1
Step: 1243, 0
Step: 1224, -0.5
Step: 1241, -0.5
Step: 1242, -0.5
Episode End: 1242, Total Reward:-8, Epsilon: 0.5680027
Avg. Q-Values: [0, 0, 0, 0, 0, 0, 0, 0, 0, 0, 0, 0, 0, 0, 0, 0, 0, 0, 0, 0, 0, 0, 0, 0, 0, 0, 0, 0, 0, 0, 0, 0, 0, 0.2339062, 0, 0, 0, 0, 0, 0, 0, 0, 0, 0, 0, 0, 0, 0, 0, 0, 0.125, -0.75, 0, 0, -1, 0, 0, -0.01609375, 0.125, 0, 0, 0, 0, 0, 0, 0, 0, 0.0625, -0.125, -0.125, -0.0625, -0.0625, 0, -0.1328125, 0.0934375, 0, 0, 0, 0, 0, 0, 0, 0, 0.0625, -0.0625, 0, 0, -0.0625, 0.0625, -0.125625, 0.09375, 0.0934375, 0, 0, 0, 0, 0, 0, 0, 0, 0, 0, 0, 0, 0, 0, -0.0625, 0, 0, 0, 0, 0, 0, 0, 0, 0, 0, 0, 0, 0, 0, 0, 0, 0.1875, -0.125, 0, -0.0625, 0, 0, 0, 0, 0, 0, 0, 0, 0, 0, 0, 0.0625, 0, 0, 0, 0, 0, 0, 0, 0, 0, 0, 0, 0, 0, 0, 0, 0, 0, 0, 0, 0, 0, 0, 0, 0, 0.75, 0, 0, 0, 0, 0, 0, 0, 0, 0, 0, 0, 0, 0, 0, 0, 0.12375, 0.125, 0, 0.125, 0, 0, 0, 0, 0, 0, 0, 0, 0, 0, 0, 0, 0, 0, 0, 0.125, 0.125, 0, 0.0625, 0, 0, 0, 0, 0, 0, 0, 0, 0, 0, 0, 0, 0, 0, -0.0625, 0, 0, 0, 0, 0, 0, 0, 0, 0, 0, 0, 0, 0, 0, 0, 0, 0, 0, 0, 0, 0, 0, 0, 0, 0, 0, 0, 0, 0, 0, 0, 0, 0, 0, 0, 0, 0, 0, 0]
Step: 4422, -0.5
Step: 2244, 1
Step: 2442, -0.5
Step: 2424, 0
Step: 2224, 0.5
Step: 2242, -0.5
Step: 3422, -0.5
Step: 2242, 1
Step: 3422, -1
Step: 2422, 1
Step: 3242, 0.5
Step: 2422, 0
Step: 3222, 0.5
Step: 1222, -0.5
Step: 3222, -0.5
Step: 3122, -0.5
Episode End: 3122, Total Reward:-0.5, Epsilon: 0.4960031
Avg. Q-Values: [0, 0, 0, 0, 0, 0, 0, 0, 0, 0, 0, 0, 0, 0, -0.0625, 0, 0, 0, 0, 0, 0, 0, 0, 0, 0, 0, 0, 0, 0, 0, -0.0625, 0, 0, 0.2339062, 0, 0, 0, 0, 0, 0, 0, 0, 0, 0, 0, 0, 0, -0.0625, 0, 0, 0.125, -0.75, 0, -0.0625, -1, 0, 0, -0.01609375, 0.125, 0, 0, 0, 0, 0, 0, 0, 0, 0.0625, -0.125, -0.125, -0.0625, -0.0625, 0, -0.1328125, 0.0934375, 0, 0, 0, 0, 0, 0, 0, 0, 0.0625, -0.0625, 0, 0, -0.0625, 0.0625, -0.125625, 0.09375, 0.0934375, 0, 0, 0, 0, 0, 0, 0, 0, 0, 0, 0, 0, 0, 0, -0.0625, 0, 0, 0, 0, 0, 0, 0, 0, 0, 0, 0, 0, 0, 0, 0, 0, 0.1875, -0.125, 0, -0.0625, 0.125, 0, 0, 0, 0, 0, 0, 0, 0, 0, 0, 0.0625, 0, 0, 0, 0, 0, 0, 0, 0, 0, 0, 0, 0, 0, 0, 0, 0, 0, 0, 0, 0, 0, 0, 0, 0, 0.75, 0, 0, 0, 0, 0, 0, 0, 0, 0, 0, 0, 0, 0, 0, 0, 0.12375, 0.125, 0, 0.125, 0, 0, 0, 0, 0, 0, 0, 0, 0, 0, 0, 0, 0, 0, 0, 0.125, 0.125, 0, 0.0625, 0, 0, 0, 0, 0, 0, 0, 0, 0, 0, 0, 0, 0, 0, -0.0625, 0, 0, 0, 0, 0, 0, 0, 0, 0, 0, 0, 0, 0, 0, 0, 0, 0, 0, 0, 0, 0, 0, 0, 0, 0, 0, 0, 0, 0, 0, 0, 0, 0, 0, 0, 0, 0, 0, 0]
Step: 1123, -0.5
Step: 4221, -0.5
Step: 1221, -0.5
Step: 1212, -0.5
Step: 4212, -0.5
Step: 1212, 0
Step: 1212, -0.5
Step: 1212, -0.5
Step: 1112, -0.5
Step: 1112, -0.5
Step: 1112, -0.5
Step: 1121, -0.5
Step: 1121, 0
Step: 1211, 0
Step: 1211, -0.5
Step: 4211, -0.5
Episode End: 4211, Total Reward:-6, Epsilon: 0.4240031
Avg. Q-Values: [0, 0, -0.75, -0.0625, 0, -0.0625, -0.0625, 0, 0, 0, 0, 0, 0, 0, -0.0625, 0, 0, 0, 0, 0, 0, 0, -0.0625, 0, 0, 0, 0, 0, 0, -0.0625, -0.0625, 0, 0, 0.2339062, 0, 0, 0, 0, 0, 0, 0, 0, 0, 0, 0, 0, 0, -0.0625, 0, 0, 0.125, -0.75, 0, -0.0625, -1, 0, 0, -0.01609375, 0.125, 0, 0, 0, 0, 0, 0, 0, 0, 0.0625, -0.125, -0.125, -0.0625, -0.0625, 0, -0.1328125, 0.0934375, 0, 0, 0, 0, 0, 0, 0, 0, 0.0625, -0.0625, 0, 0, -0.0625, 0.0625, -0.125625, 0.09375, 0.0934375, 0, 0, 0, 0, 0, 0, 0, 0, 0, 0, 0, 0, 0, 0, -0.0625, 0, 0, 0, 0, 0, 0, 0, 0, 0, 0, 0, 0, 0, 0, 0, 0, 0.1875, -0.125, 0, -0.0625, 0.125, 0, 0, 0, 0, 0, 0, 0, 0, 0, 0, 0.0625, 0, 0, 0, 0, 0, 0, 0, 0, 0, 0, 0, 0, 0, 0, 0, 0, 0, 0, 0, 0, 0, 0, 0, 0, 0.75, 0, 0, 0, 0, 0, 0, 0, 0, 0, 0, 0, 0, 0, 0, 0, 0.12375, 0.125, 0, 0.125, 0, 0, 0, 0, 0, 0, 0, 0, 0, 0, 0, 0, 0, 0, 0, 0.125, 0.125, 0, 0.0625, 0, 0, 0, 0, 0, 0, 0, 0, 0, 0, 0, 0, 0, 0, -0.0625, 0, 0, 0, 0, 0, 0, 0, 0, 0, 0, 0, 0, 0, 0, 0, 0, 0, 0, 0, 0, 0, 0, 0, 0, 0, 0, 0, 0, 0, 0, 0, 0, 0, 0, 0, 0, 0, 0, 0]
Step: 2111, 1
Step: 2111, 0
Step: 1111, -0.5
Step: 1111, -0.5
Step: 1111, -0.5
Step: 1111, -0.5
Step: 1111, -0.5
Step: 3111, -0.5
Step: 1311, 0.5
Step: 3111, 0
Step: 1111, -0.5
Step: 3111, -0.5
Step: 1111, 0
Step: 3111, -0.5
Step: 1111, 0.5
Step: 1111, 0
Episode End: 1111, Total Reward:-2.5, Epsilon: 0.3520031
Avg. Q-Values: [-0.234375, -0.0625, -0.75, -0.0625, 0, -0.0625, -0.0625, 0, 0, 0, 0, 0, 0, 0, -0.0625, 0, 0, 0, 0.125, 0, 0, 0, -0.0625, 0, 0, 0, 0, 0, 0, -0.0625, -0.0625, 0, 0, 0.2339062, 0, 0, 0, 0, 0, 0, 0, 0, 0, 0, 0, 0, 0, -0.0625, 0, 0, 0.125, -0.75, 0, -0.0625, -1, 0, 0, -0.01609375, 0.125, 0, 0, 0, 0, 0, 0, 0, 0, 0.0625, -0.125, -0.125, -0.0625, -0.0625, 0, -0.1328125, 0.0934375, 0, 0, 0, 0, 0, 0, 0, 0, 0.0625, -0.0625, 0, 0, -0.0625, 0.0625, -0.125625, 0.09375, 0.0934375, 0, 0, 0, 0, 0, 0, 0, 0, 0, 0, 0, 0, 0, 0, -0.0625, 0, 0, 0, 0, 0, 0, 0, 0, 0, 0, 0, 0, 0, 0, 0, 0, 0.1875, -0.125, 0, -0.0625, 0.125, 0, 0, 0, 0, 0, 0, 0, 0, 0, 0, 0.0625, 0, 0, 0, 0, 0, 0, 0, 0, 0, 0, 0, 0, 0, 0, 0, 0, 0, 0, 0, 0, 0, 0, 0, 0, 0.75, 0, 0, 0, 0, 0, 0, 0, 0, 0, 0, 0, 0, 0, 0, 0, 0.12375, 0.125, 0, 0.125, 0, 0, 0, 0, 0, 0, 0, 0, 0, 0, 0, 0, 0, 0, 0, 0.125, 0.125, 0, 0.0625, 0, 0, 0, 0, 0, 0, 0, 0, 0, 0, 0, 0, 0, 0, -0.0625, 0, 0, 0, 0, 0, 0, 0, 0, 0, 0, 0, 0, 0, 0, 0, 0, 0, 0, 0, 0, 0, 0, 0, 0, 0, 0, 0, 0, 0, 0, 0, 0, 0, 0, 0, 0, 0, 0, 0]
Step: 3211, 0.5
Step: 1433, 0
Step: 1132, 0.5
Step: 1321, 0
Step: 1413, 0.5
Step: 1321, 0.5
