Step: 1133, -1
Step: 3311, -1
Step: 3311, -0.5
Step: 1133, -1
Step: 1331, -1
Step: 1133, -1
Step: 1133, -1
Step: 1133, -1
Step: 3311, -1
Step: 1133, -1
Step: 1331, -1
Step: 1313, -0.5
Step: 1313, -0.5
Step: 1331, 0
Step: 1313, 0
Step: 1331, 0
Episode End: 1331, Total Reward:-11.5, Epsilon: 0.9280005
Avg. Q-Values: [0, 0, 0, 0, 0, 0, 0, 0, 0, 0, 0, 0, 0, 0, 0, 0, 0, 0, 0, 0, 0, 0, 0, 0, 0, 0, 0, 0, 0, 0, 0, 0, 0, 0, 0, 0, 0, 0, 0, 0, 0, 0, 0, 0, 0, 0, 0, 0, 0, 0, 0, 0, 0, 0, 0, 0, 0, 0, 0, 0, 0, 0, 0, 0, 0, 0, 0, 0, 0, 0, 0, 0, 0, 0, 0, 0, 0, 0, 0, 0, -1.4375, 0, 0, 0, 0, 0, 0, 0, 0, 0, 0, 0, 0, 0, 0, 0, -0.125, 0, 0, 0, 0, 0, 0, 0, 0, 0, 0, 0, 0, 0, 0, 0, -0.34375, 0, 0, 0, 0, 0, 0, 0, 0, 0, 0, 0, 0, 0, 0, 0, -0.125, 0, 0, 0, 0, 0, 0, 0, 0, 0, 0, 0, 0, 0, 0, 0, 0, 0, 0, 0, 0, 0, 0, 0, 0, 0, 0, 0, 0, 0, 0, 0, 0, 0, 0, 0, 0, 0, 0, 0, 0, 0, 0, 0, 0, 0, 0, 0, 0, 0, 0, 0, 0, 0, 0, 0, 0, 0, 0, 0, 0, 0, 0, 0, 0, 0, 0, 0, 0, 0, 0, 0, 0, 0, 0, 0, 0, 0, 0, 0, 0, 0, 0, 0, 0, 0, 0, 0, 0, 0, 0, 0, 0, 0, 0, 0, 0, 0, 0, 0, 0, 0, 0, 0, 0, 0, 0, 0, 0, 0, 0, 0, 0, 0, 0, 0, 0, 0, 0, 0, 0, 0, 0, 0, 0, 0, 0, 0]
Step: 1211, -0.5
Step: 4211, -0.5
Step: 1211, 0.5
Step: 4211, 0
Step: 1411, -0.5
Step: 4311, -0.5
Step: 4111, 0
Step: 3111, 0
Step: 1111, 0
Step: 1111, 0
Step: 1111, -1
Step: 3111, -1
Step: 1311, -1
Step: 1131, -0.5
Step: 1311, 0
Step: 1311, -0.5
Episode End: 1311, Total Reward:-6, Epsilon: 0.8560009
Avg. Q-Values: [-0.3125, 0, -0.03125, 0, 0, 0, 0, 0, 0, 0, 0, 0, 0, 0, 0, 0, -0.0625, 0, -0.0625, 0, 0, 0, 0, 0, 0, 0, 0, 0, 0, 0, 0, 0, -0.75, 0, 0, 0, 0, 0, 0, 0, 0, 0, 0, 0, 0, 0, 0, 0, 0, 0, 0, 0, 0, 0, 0, 0, 0, 0, 0, 0, 0, 0, 0, 0, 0, 0, 0, 0, 0, 0, 0, 0, 0, 0, 0, 0, 0, 0, 0, 0, -1.4375, 0, 0, 0, 0, 0, 0, 0, 0, 0, 0, 0, 0, 0, 0, 0, -0.125, 0, 0, 0, 0, 0, 0, 0, 0, 0, 0, 0, 0, 0, 0, 0, -0.34375, 0, 0, 0, 0, 0, 0, 0, 0, 0, 0, 0, 0, 0, 0, 0, -0.125, 0, 0, 0, 0, 0, 0, 0, 0, 0, 0, 0, 0, 0, 0, 0, 0, 0, 0, 0, 0, 0, 0, 0, 0, 0, 0, 0, 0, 0, 0, 0, 0, 0, 0, 0, 0, 0, 0, 0, 0, 0, 0, 0, 0, 0, 0, 0, 0, 0, 0, 0, 0, 0, 0, 0, 0, 0, 0, 0, 0, 0, 0, 0, 0, 0, 0, 0, 0, 0, 0, 0, 0, 0, 0, 0, 0, 0, 0, 0, 0, 0, 0, 0, 0, 0, 0, 0, 0, 0, 0, 0, 0, 0, 0, 0, 0, 0, 0, 0, 0, 0, 0, 0, 0, 0, 0, 0, 0, 0, 0, 0, 0, 0, 0, 0, 0, 0, 0, 0, 0, 0, 0, 0, 0, 0, 0, 0]
Step: 2241, -0.5
Step: 2234, 0
Step: 4232, 0
Step: 2243, 0
Step: 2141, -0.5
Step: 2423, -0.5
Step: 2223, -1
Step: 2142, -0.5
Step: 2214, -1
Step: 3221, -1
Step: 2221, 0
Step: 2221, 0
Step: 2121, -1
Step: 2121, -1
Step: 2112, -1
Step: 2112, -1
Episode End: 2112, Total Reward:-10, Epsilon: 0.7840014
Avg. Q-Values: [-0.3125, 0, -0.03125, 0, 0, 0, 0, 0, 0, 0, -0.125, -0.125, 0, 0, 0, 0, -0.0625, 0, -0.0625, 0, 0, 0, 0, 0, 0, 0, 0, 0, 0, 0, 0, 0, -0.4375, 0, 0, 0, 0, 0, 0, 0, 0, 0, 0, 0, 0, 0, 0, 0, 0, 0, 0, 0, 0, 0, 0, 0, 0, 0, 0, 0, 0, 0, 0, 0, 0, 0, 0, 0, 0, 0, 0, 0, 0, 0, 0, 0, 0, 0, 0, 0, -1.4375, 0, 0, 0, 0, 0, 0, 0, 0, 0, 0, 0, 0, 0, 0, 0, -0.125, 0, 0, 0, 0, 0, 0, 0, 0, 0, 0, 0, 0, 0, 0, 0, -0.34375, 0, 0, 0, 0, 0, 0, 0, 0, 0, 0, 0, -0.0625, 0, 0, 0, -0.125, 0, 0, 0, 0, 0, 0, 0, 0, 0, 0, 0, 0, 0, 0, 0, 0, 0, 0, 0, 0, 0, 0, 0, 0, 0, 0, 0, 0, 0, 0, 0, 0, 0, 0, 0, 0, 0, 0, 0, 0, 0, 0, 0, 0, 0, 0, 0, 0, 0, 0, 0, 0, 0, 0, 0, 0, 0, 0, 0, 0, 0, 0, 0, 0, 0, 0, 0, 0, 0, 0, 0, 0, 0, 0, 0, 0, 0, 0, 0, 0, 0, 0, 0, 0, 0, 0, 0, 0, 0, 0, 0, 0, 0, 0, 0, 0, 0, 0, 0, 0, 0, 0, 0, 0, 0, 0, 0, 0, 0, 0, 0, 0, 0, 0, 0, 0, 0, 0, 0, 0, 0, 0, 0, 0, 0, 0, 0]
Step: 3133, -1
Step: 3313, 1
Step: 3133, 0.5
Step: 3133, 0.5
Step: 3133, 0.5
Step: 3133, 0.5
Step: 3133, 0.5
Step: 3313, 0.5
Step: 3133, 0.5
Step: 3133, 1
Step: 1333, 1
Step: 1333, -1
Step: 3333, 0
Step: 3333, 0
Step: 3333, -0.5
Step: 3333, 0.5
Episode End: 3333, Total Reward:5, Epsilon: 0.7120018
Avg. Q-Values: [-0.3125, 0, -0.03125, 0, 0, 0, 0, 0, 0, 0, -0.125, -0.125, 0, 0, 0, 0, -0.0625, 0, -0.0625, 0, 0, 0, 0, 0, 0, 0, 0, 0, 0, 0, 0, 0, -0.4375, 0, 0, 0, 0, 0, 0, 0, 0, 0, 0, 0, 0, 0, 0, 0, 0, 0, 0, 0, 0, 0, 0, 0, 0, 0, 0, 0, 0, 0, 0, 0, 0, 0, 0, 0, 0, 0, 0, 0, 0, 0, 0, 0, 0, 0, 0, 0, -1.4375, 0, 0, 0, 0, 0, 0, 0, 0, 0, 0, 0, 0, 0, 0, 0, -0.125, 0, 0, 0, 0, 0, 0, 0, 0, 0, 0, 0, 0, 0, 0, 0, -0.34375, 0, 0, 0, 0, 0, 0, 0, 0, 0, 0, 0, -0.0625, 0, 0, 0, -0.125, 0, 0, 0, 0, 0, 0, 0, 0, 0, 0, 0, 0, 0, 0, 0, 0, 0, 0, 0, 0, 0, 0, 0, 0, 0, 0, 0, 0, 0, 0, 0, 0, 0, 0, 0, 0, 0, 0, 0, 0, 0, 0, 0, 0, 0, 0, 0, 0, 0, 0, 0, 0, 0, 0, 0, 0, 0, 0, 0, 0, 0, 0, 0, 0.279075, 0, 0, 0, 0, 0, 0, 0, 0, 0, 0, 0, 0, 0, 0, 0, 0.2468906, 0.125, 0, 0, 0, 0, 0, 0, 0, 0, 0, 0, 0, 0, 0, 0, 0, 0, 0, 0, 0, 0, 0, 0, 0, 0, 0, 0, 0, 0, 0, 0, 0.59375, 0, 0, 0, 0, 0, 0, 0, 0, 0, 0, 0, 0, 0, 0, 0]
Step: 1322, -1
Step: 2211, -1
Step: 1122, -1
Step: 1122, -1
Step: 1221, -1
Step: 1221, -1
Step: 1221, -1
Step: 1221, -1
Step: 4221, -1
Step: 1123, 0
Step: 1241, 0.5
Step: 1123, -1
Step: 4221, -1
Step: 1221, 1
Step: 1221, -1
Step: 4221, -1
Episode End: 4221, Total Reward:-12.5, Epsilon: 0.6400023
Avg. Q-Values: [-0.3125, 0, -0.03125, 0, 0, 0, -1.5625, -0.125, -0.25, 0, -0.125, -0.125, 0, 0, 0, 0, -0.0625, 0, -0.0625, 0, 0, 0, 0.0625, 0, 0, 0, 0, 0, 0, 0, 0, 0, -0.4375, 0, 0, 0, 0, 0, -0.125, 0, 0, 0, 0, 0, 0, 0, 0, 0, 0, 0, 0, 0, 0, 0, 0, 0, 0, 0, 0, 0, 0, 0, 0, 0, 0, 0, 0, 0, 0, 0, 0, 0, 0, 0, 0, 0, 0, 0, 0, 0, -1.4375, 0, 0, 0, 0, 0, 0, 0, 0, 0, 0, 0, 0, 0, 0, 0, -0.125, 0, 0, 0, 0, 0, 0, 0, 0, 0, 0, 0, 0, 0, 0, 0, -0.34375, 0, 0, 0, 0, 0, 0, 0, 0, 0, 0, 0, -0.0625, 0, 0, 0, -0.125, 0, 0, 0, 0, 0, 0, 0, 0, 0, 0, 0, 0, 0, 0, 0, 0, 0, 0, 0, 0, 0, 0, 0, 0, 0, 0, 0, 0, 0, 0, 0, 0, 0, 0, 0, 0, 0, 0, 0, 0, 0, 0, 0, 0, 0, 0, 0, 0, 0, 0, 0, 0, 0, 0, 0, 0, 0, 0, 0, 0, 0, 0, 0, 0.279075, 0, 0, 0, 0, 0, 0, 0, 0, 0, 0, 0, 0, 0, 0, 0, 0.2468906, 0.125, 0, 0, 0, 0, 0, 0, 0, 0, 0, 0, 0, 0, 0, 0, 0, 0, 0, 0, 0, 0, 0, 0, 0, 0, 0, 0, 0, 0, 0, 0, 0.140625, 0, 0, 0, 0, 0, 0, 0, 0, 0, 0, 0, 0, 0, 0, 0]
Step: 2212, -0.5
Step: 3212, -1
Step: 3221, 1
Step: 2214, 1
Step: 2142, -1
Step: 2131, -1
Step: 2132, -1
Step: 2231, -1
Step: 2311, -1
Step: 1322, -1
Step: 2311, -1
Step: 1322, -1
Step: 2311, -1
Step: 1322, -1
Step: 2211, -1
Step: 2211, -1
Episode End: 2211, Total Reward:-12.5, Epsilon: 0.5680027
Avg. Q-Values: [-0.3125, 0, -0.03125, 0, 0, 0, -1.5625, -0.125, -0.25, 0, -0.125, -0.125, 0.125, 0, 0, 0, -0.0625, 0, -0.0625, 0, 0, 0, -0.03125, 0, -0.1875, 0, 0, -0.125, 0.125, 0, 0, 0, -0.4375, 0, 0, 0, 0, 0, -0.125, 0, 0, 0, 0, -0.125, 0, 0, 0, 0, 0, 0, 0, 0, 0, 0, 0, 0, 0, -0.125, -0.125, -0.125, 0, 0, 0, 0, 0, 0, 0, 0, 0, 0, 0, 0, 0, 0, 0, 0, 0, 0, 0, 0, -1.4375, 0, 0, 0, 0, 0, 0, 0, 0, 0, 0, 0, 0, 0, 0, 0, -0.125, 0, 0, 0, 0, 0, 0, 0, 0, 0, 0, 0, 0, 0, 0, 0, -0.34375, 0, 0, 0, 0, 0, 0, 0, 0, 0, 0, 0, -0.0625, 0, 0, 0, -0.125, 0, 0, 0, 0, 0, 0, 0, 0, 0, 0, 0, 0, 0, 0, 0, 0, 0, 0, 0, 0, 0, 0, 0, 0, 0, 0, 0, 0, 0, 0, 0, 0, 0, 0, 0, 0, 0, 0, 0, 0, 0, 0, 0, 0, 0, 0, 0, 0, 0, 0, 0, 0, 0, 0, 0, 0, 0, 0, 0, 0, 0, 0, 0, 0.279075, 0, 0, 0, 0, 0, 0, 0, 0, 0, 0, 0, 0, 0, 0, 0, 0.2468906, 0.125, 0, 0, 0, 0, 0, 0, 0, 0, 0, 0, 0, 0, 0, 0, 0, 0, 0, 0, 0, 0, 0, 0, 0, 0, 0, 0, 0, 0, 0, 0, 0.140625, 0, 0, 0, 0, 0, 0, 0, 0, 0, 0, 0, 0, 0, 0, 0]
Step: 2224, -1
Step: 2242, -1
Step: 3422, -0.5
Step: 4222, 1
Step: 3422, 0.5
Step: 4222, 1
Step: 3422, 1
Step: 4222, 1
Step: 3222, 1
Step: 1222, 1
Step: 2122, -1
Step: 2122, -0.5
Step: 2122, -0.5
Step: 2122, -1
Step: 2122, -1
Step: 2212, -1
Episode End: 2212, Total Reward:-2, Epsilon: 0.4960031
Avg. Q-Values: [-0.3125, 0, -0.03125, 0, 0, 0, -1.5625, -0.125, -0.25, 0, -0.125, -0.125, 0.125, -0.25, -0.0625, 0, -0.0625, 0, -0.0625, 0, 0, 0, -0.03125, 0, -0.1875, 0, 0, -0.125, 0.125, 0, 0, 0.3125, -0.4375, 0, 0, 0, 0, 0, -0.125, 0, 0, 0, 0, -0.125, 0, 0, 0, 0, 0, 0, 0, 0, 0, 0, 0, 0, 0, -0.125, -0.125, -0.125, 0, 0, 0, -0.125, 0, 0, 0, 0, 0, 0, 0, 0, 0, 0, 0, 0, 0, 0, 0, 0, -1.4375, 0, 0, 0, 0, 0, 0, 0, 0, 0, 0, 0, 0, 0, 0, 0, -0.125, 0, 0, 0, 0, 0, 0, 0, 0, 0, 0, 0, 0, 0, 0, 0, -0.34375, 0, 0, 0, 0, 0, 0, 0, 0, 0, 0, 0, -0.0625, 0, 0, 0, -0.125, 0, 0, 0, 0, 0, 0, 0, 0, 0, 0, 0, 0, 0, 0, 0, 0, 0, 0, 0, 0, 0, 0, 0, 0, 0, 0, 0, 0, 0, 0, 0, 0, 0, 0, 0, 0, 0, 0, 0, 0, 0, 0, 0, 0, 0, 0, 0, 0, 0, 0, 0, 0, 0, 0, 0, 0, 0, 0, 0, 0, 0, 0, 0, 0.279075, 0, 0, 0, 0, 0, 0, 0, 0, 0, 0, 0, 0, 0, 0, 0, 0.2468906, 0.125, 0, 0, 0, 0, 0, 0, 0, 0, 0, 0, 0, 0, 0, 0, 0, 0, 0, 0, 0, 0, 0, 0, 0, 0, 0, 0, 0, 0, 0, 0, 0.140625, 0, 0, 0, 0, 0, 0, 0, 0, 0, 0, 0, 0, 0, 0, 0]
Step: 3323, 0.5
Step: 3134, 0.5
Step: 3123, 0.5
Step: 3321, 1
Step: 1323, 1
Step: 3141, -1
Step: 1143, 1
Step: 1341, -1
Step: 1321, -1
Step: 1413, -1
Step: 1431, -1
Step: 1411, -1
Step: 4211, -1
Step: 1211, -0.5
Step: 1211, -1
Step: 1211, -1
Episode End: 1211, Total Reward:-6, Epsilon: 0.4240031
Avg. Q-Values: [-0.3125, 0, -0.03125, 0, 0, 0, -1.5625, -0.125, -0.25, 0, -0.125, -0.125, 0.1875, -0.25, -0.0625, 0, -0.0625, 0, -0.0625, 0, 0, 0, -0.03125, 0, -0.1875, 0, 0, -0.125, 0.125, 0, 0, 0.3125, -0.4375, 0, 0, 0, 0, 0, -0.125, 0, 0, 0, 0, -0.125, 0, 0, 0, 0, 0, 0, 0, 0, 0, 0, 0, 0, 0, -0.125, -0.125, -0.125, 0, 0, 0, -0.125, 0, 0, 0, 0, 0, 0, 0, 0, 0, 0, 0, 0, 0, 0, 0, 0, -1.4375, 0, 0, -0.125, 0, 0, 0, 0, 0, 0, 0, 0, 0, 0, 0, 0, -0.125, 0, 0, 0, 0, 0, 0, 0, 0, 0, 0, 0, 0, 0, 0, 0, -0.34375, 0, 0, 0, 0, 0, 0, 0, 0, 0, 0, 0, -0.0625, 0, 0, 0, -0.125, 0, 0, 0, 0, 0, 0, 0, 0, 0, 0, 0, 0, 0, 0, 0, 0, 0, 0, 0, 0, 0, 0, 0, 0, 0, 0, 0, 0, 0, 0, 0, 0, 0, 0, 0, 0, 0, 0, 0, 0, 0, 0, 0, 0, 0, 0, 0, 0, 0, 0, 0, 0, 0, 0, 0, 0, 0, 0, 0, 0, 0, 0, 0, 0.279075, 0, 0, 0, 0, 0, 0, 0, 0, 0, 0, 0, 0, 0, 0, 0, 0.2468906, 0.125, 0, 0, 0, 0, 0, 0, 0, 0, 0, 0, 0, 0, 0, 0, 0, 0, 0, 0, 0, 0, 0, 0, 0, 0, 0, 0, 0, 0, 0, 0, 0.140625, 0, 0, 0, 0, 0, 0, 0, 0, 0, 0, 0, 0, 0, 0, 0]
Step: 1232, -1
Step: 1314, -1
Step: 1114, -1
Step: 1314, -1
Step: 1114, -1
Step: 1312, -1
Step: 1141, -1
Step: 1421, -1
Step: 4121, -1
Step: 1121, -1
Step: 1121, -0.5
Step: 4121, -1
Step: 1421, -1
Step: 4121, -1
Step: 1121, 0.5
Step: 1121, 0
Episode End: 1121, Total Reward:-13, Epsilon: 0.3520031
Avg. Q-Values: [-0.3125, 0, -0.03125, -0.125, 0, 0, -1.5625, -0.125, -0.25, 0, -0.125, -0.125, 0.1875, -0.25, -0.0625, 0, -0.0625, 0, -0.0625, -0.125, 0, 0, -0.03125, 0, -0.1875, 0, 0, -0.125, 0.125, 0, 0, 0.3125, -0.4375, 0, 0, 0, 0, 0, -0.125, 0, 0, 0, 0, -0.125, 0, 0, 0, 0, 0, 0, 0, 0, 0, 0, 0, 0, 0, -0.125, -0.125, -0.125, 0, 0, 0, -0.125, 0, 0, 0, 0, -0.25, 0, 0, 0, 0, 0, 0, 0, 0, 0, 0, 0, -1.4375, 0, 0, -0.125, 0, 0, 0, 0, 0, 0, 0, 0, 0, 0, 0, 0, -0.125, 0, 0, 0, 0, -0.125, 0, 0, 0, 0, 0, 0, 0, 0, 0, 0, -0.34375, 0, 0, 0, 0, 0, 0, 0, 0, 0, 0, 0, -0.0625, 0, 0, 0, -0.125, 0, 0, 0, 0, 0, 0, 0, 0, 0, 0, 0, 0, 0, 0, 0, 0, 0, 0, 0, 0, 0, 0, 0, 0, 0, 0, 0, 0, 0, 0, 0, 0, 0, 0, 0, 0, 0, 0, 0, 0, 0, 0, 0, 0, 0, 0, 0, 0, 0, 0, 0, 0, 0, 0, 0, 0, 0, 0, 0, 0, 0, 0, 0, 0.279075, 0, 0, 0, 0, 0, 0, 0, 0, 0, 0, 0, 0, 0, 0, 0, 0.2468906, 0.125, 0, 0, 0, 0, 0, 0, 0, 0, 0, 0, 0, 0, 0, 0, 0, 0, 0, 0, 0, 0, 0, 0, 0, 0, 0, 0, 0, 0, 0, 0, 0.140625, 0, 0, 0, 0, 0, 0, 0, 0, 0, 0, 0, 0, 0, 0, 0]
Step: 3231, 1
Step: 3143, 0.5
Step: 3314, 1
Step: 1332, 1
Step: 1233, -1
Step: 3311, -1
Step: 1133, 1
Step: 1331, -1
Step: 1313, -1
Step: 1113, -1
Step: 1131, -1
Step: 1311, -1
Step: 3111, -1
Step: 1111, 1
Step: 3111, 1
Step: 3111, 1
Episode End: 3111, Total Reward:0, Epsilon: 0.280003
Avg. Q-Values: [-0.125, 0, -0.03125, -0.125, 0, 0, -1.5625, -0.125, -0.25, 0, -0.125, -0.125, 0.1875, -0.25, -0.0625, 0, -0.0625, 0, -0.0625, -0.125, 0, 0, -0.03125, 0, -0.1875, 0, 0, -0.125, 0.125, 0, 0, 0.3125, -0.4375, 0, 0, 0, 0, 0, -0.125, 0, 0, 0, 0, -0.125, 0, 0, 0, 0, 0, 0, 0, 0, 0, 0, 0, 0, 0, -0.125, -0.125, -0.125, 0, 0, 0, -0.125, 0, 0, 0, 0, -0.25, 0, 0, 0, 0, 0, 0, 0, 0, 0, 0, 0, -1.4375, 0, 0, -0.125, 0, 0, 0, 0, 0, 0, 0, 0, 0, 0, 0, 0, -0.125, 0, 0, 0, 0, -0.125, 0, 0, 0, 0, 0, 0, 0, 0, 0, 0, -0.34375, 0, 0, 0, 0, 0, 0, 0, 0, 0, 0, 0, -0.0625, 0, 0, 0, -0.125, 0.125, 0, 0, 0, 0, 0, 0, 0, 0, 0, 0, 0, 0, 0, 0, 0, 0, -0.125, 0, 0, 0, 0, 0, 0, 0, 0, 0, 0, 0, 0, 0, 0, 0, 0, 0, 0, 0, 0, 0, 0, 0, 0, 0, 0, 0, 0, 0, 0, 0, 0, 0, 0, 0, 0, 0, 0, 0, 0, 0, 0, 0, 0, 0, 0.279075, 0, 0, 0, 0, 0, 0, 0, 0, 0, 0, 0, 0, 0, 0, 0, 0.2468906, 0.125, 0, 0, 0, 0, 0, 0, 0, 0, 0, 0, 0, 0, 0, 0, 0, 0, 0, 0, 0, 0, 0, 0, 0, 0, 0, 0, 0, 0, 0, 0, 0.140625, 0, 0, 0, 0, 0, 0, 0, 0, 0, 0, 0, 0, 0, 0, 0]
Step: 4223, -0.5
Step: 2124, 0.5
Step: 4223, -0.5
Step: 2124, 0.5
Step: 2412, -0.5
Step: 2241, -0.5
Step: 2344, -0.5
Step: 2241, -0.5
Step: 2412, -0.5
Step: 2324, -0.5
Step: 2342, -0.5
Step: 2322, 0
Step: 3122, -0.5
Step: 2122, -0.5
Step: 2122, -0.5
Step: 2122, -0.5
Episode End: 2122, Total Reward:-6, Epsilon: 0.208003
Avg. Q-Values: [-0.125, 0, -0.03125, -0.125, 0, 0, -1.5625, -0.125, -0.25, 0, -0.125, -0.125, 0.1875, -0.25, -0.0625, 0, -0.125, 0, -0.0625, -0.125, 0, 0, -0.03125, 0, -0.1875, 0, 0, -0.125, 0.125, 0, 0, 0.3125, -0.4375, 0, 0, 0, 0, 0, -0.125, 0, 0, 0, 0, -0.125, 0, 0, 0, 0, 0, 0, 0, 0, 0, 0, 0, 0, 0, -0.125, -0.125, -0.125, 0, 0, 0, -0.125, 0, 0, 0, 0, -0.25, 0, 0, 0, 0, 0, 0, 0, 0, 0, 0, 0, -1.4375, 0, 0, -0.125, 0, 0, 0, 0, 0, 0, 0, 0, 0, -0.0625, 0, 0, -0.125, 0, 0, 0, 0, -0.125, 0, 0, 0, 0, 0, 0, 0, -0.0625, 0, 0.0625, -0.34375, 0, 0, 0, 0, 0, 0, 0, 0, 0, 0, 0, -0.0625, 0, 0, 0, -0.125, 0.125, 0, 0, 0, 0, 0, 0, 0, 0, 0, 0, 0, 0, 0, 0, 0, 0, -0.125, 0, 0, 0, 0, 0, 0, 0, 0, 0, 0, 0, 0, 0, 0, 0, 0, 0, 0, 0, 0, 0, 0, 0, 0, 0, 0, 0, 0, 0, 0, 0, 0, 0, 0, 0, 0, 0, 0, 0, 0, 0, 0, 0, 0, 0, 0.279075, 0, 0, 0, 0, 0, 0, 0, 0, 0, 0, 0, 0, 0, 0, 0, 0.2468906, 0.125, 0, 0, 0, 0, 0, 0, 0, 0, 0, 0, 0, 0, 0, 0, 0, 0, 0, 0, 0, 0, 0, 0, 0, 0, 0, 0, 0, 0, 0, 0, 0.140625, 0, 0, 0, 0, 0, 0, 0, 0, 0, 0, 0, 0, 0, 0, 0]
Step: 4223, -0.5
Step: 2124, 0.5
Step: 3224, -0.5
Step: 3242, 1
Step: 3224, 1
Step: 3242, 1
Step: 3224, 1
Step: 2124, 1
Step: 4223, -0.5
Step: 2124, 0.5
Step: 4223, -0.5
Step: 2124, 0.5
Step: 3224, -0.5
Step: 3242, 1
Step: 3224, 1
Step: 3242, 1
Episode End: 3242, Total Reward:8, Epsilon: 0.136003
Avg. Q-Values: [-0.125, 0, -0.03125, -0.125, 0, 0, -1.5625, -0.125, -0.25, 0, -0.125, -0.125, 0.1875, -0.25, -0.0625, 0, -0.125, 0, -0.0625, -0.125, 0, 0, -0.03125, 0, -0.1875, 0, 0, -0.125, 0.125, 0, 0, 0.3125, -0.4375, 0, 0, 0, 0, 0, -0.125, 0, 0, 0, 0, -0.125, 0, 0, 0, 0, 0, 0, 0, 0, 0, 0, 0, 0, 0, -0.125, -0.125, -0.125, 0, 0, 0.21875, -0.125, 0, 0, 0, 0, -0.25, 0, 0, 0, 0, 0, 0, 0, 0, 0, -0.01609375, 0, -1.4375, 0, 0, -0.125, 0, 0, 0, 0, 0, 0, 0, 0, 0, -0.0625, 0.0546875, 0, -0.125, 0, 0, 0, 0, -0.125, 0, 0, 0, 0, 0, 0, 0, -0.0625, 0, 0.0625, -0.34375, 0, 0, 0, 0, 0, 0, 0, 0, 0, 0, 0, -0.0625, 0, 0, 0, -0.125, 0.125, 0, 0, 0, 0, 0, 0, 0, 0, 0, 0, 0, 0, 0, 0, 0, 0, -0.125, 0, 0, 0, 0, 0, 0, 0, 0, 0, 0, 0, 0, 0, 0, 0, 0, 0, 0, 0, 0, 0, 0, 0, 0, 0, 0, 0, 0, 0, 0, 0, 0, 0, 0, 0, 0, 0, 0, 0, 0, 0, 0, 0, 0, 0, 0.279075, 0, 0, 0, 0, 0, 0, 0, 0, 0, 0, 0, 0, 0, 0, 0, 0.2468906, 0.125, 0, 0, 0, 0, 0, 0, 0, 0, 0, 0, 0, 0, 0, 0, 0, 0, 0, 0, 0, 0, 0, 0, 0, 0, 0, 0, 0, 0, 0, 0, 0.140625, 0, 0, 0, 0, 0, 0, 0, 0, 0, 0, 0, 0, 0, 0, 0]
Step: 3122, 0
Step: 2122, 1
Step: 2122, 0
Step: 2122, 0
Step: 2122, 0
Step: 2122, 0
Step: 3122, 0
Step: 2122, 1
Step: 3122, 0
Step: 2122, 1
Step: 3122, 0
Step: 2122, 0
Step: 3122, 0
Step: 2122, 1
Step: 3122, 1
Step: 2122, 1
Episode End: 2122, Total Reward:6, Epsilon: 0.09550297
Avg. Q-Values: [-0.125, 0, -0.03125, -0.125, 0, 0, -1.5625, -0.125, -0.25, 0, -0.125, -0.125, 0.1875, -0.0390625, -0.0625, 0, -0.125, 0, -0.0625, -0.125, 0, 0, -0.03125, 0, -0.1875, 0, 0, -0.125, 0.125, 0, 0, 0.3125, -0.4375, 0, 0, 0, 0, 0, -0.125, 0, 0, 0, 0, -0.125, 0, 0, 0, 0, 0, 0, 0, 0, 0, 0, 0, 0, 0, -0.125, -0.125, -0.125, 0, 0, 0.21875, -0.125, 0, 0, 0, 0, -0.25, 0, 0, 0, 0, 0, 0, 0, 0, 0, -0.01609375, 0, -1.4375, 0, 0, -0.125, 0, 0, 0, 0, 0, 0, 0, 0, 0, -0.0625, 0.0546875, 0, -0.125, 0, 0, 0, 0, -0.125, 0, 0, 0, 0, 0, 0, 0, -0.0625, 0, 0.0625, -0.34375, 0, 0, 0, 0, 0, 0, 0, 0, 0, 0, 0, -0.0625, 0, 0, 0, -0.125, 0.125, 0, 0, 0, 0, 0, 0, 0, 0, 0, 0, 0, 0, 0, 0, 0, 0, -0.125, 0, 0, 0, 0, 0, 0, 0, 0, 0, 0, 0, 0, 0, 0, 0, 0, 0, 0, 0, 0, 0, 0, 0, 0, 0, 0, 0, 0, 0, 0, 0, 0, 0, 0, 0, 0, 0, 0, 0, 0, 0, 0, 0, 0, 0, 0.279075, 0, 0, 0, 0, 0, 0, 0, 0, 0, 0, 0, 0, 0, 0, 0, 0.2468906, 0.125, 0, 0, 0, 0, 0, 0, 0, 0, 0, 0, 0, 0, 0, 0, 0, 0, 0, 0, 0, 0, 0, 0, 0, 0, 0, 0, 0, 0, 0, 0, 0.140625, 0, 0, 0, 0, 0, 0, 0, 0, 0, 0, 0, 0, 0, 0, 0]
Step: 4341, 0.5
Step: 4141, 0.5
Step: 4213, 0.5
Step: 4123, 1
Step: 2341, 1
Step: 2431, 1
Step: 2323, -0.5
Step: 2123, -0.5
Step: 2131, -0.5
Step: 2321, -0.5
Step: 3121, -0.5
Step: 2121, -0.5
Step: 2121, -0.5
Step: 2121, -0.5
Step: 2121, -0.5
Step: 2121, -1
Episode End: 2121, Total Reward:-2, Epsilon: 0.09550297
Avg. Q-Values: [-0.125, 0, -0.03125, -0.125, 0, 0, -1.5625, -0.125, -0.25, 0, -0.125, -0.125, 0.1875, -0.0390625, -0.0625, 0, -0.125, 0, -0.0625, -0.125, 0, 0, -0.03125, 0, -0.1875, 0, 0, -0.125, 0.125, 0, 0, 0.3125, -0.4375, 0, 0, 0, 0, 0, -0.125, 0, 0, 0, 0, -0.125, 0, 0, 0, 0, 0, 0, 0, 0, 0, 0, 0, 0, 0, -0.125, -0.125, -0.125, 0, 0, 0.21875, -0.125, 0, 0, 0, 0, -0.25, 0, 0, 0, 0, 0, 0, 0, 0, 0, -0.01609375, 0, -1.4375, 0, 0, -0.125, 0, 0, 0, 0, 0, 0, 0, 0, 0, -0.0625, 0.0546875, 0, -0.125, 0, 0, 0, 0, -0.125, 0, 0, 0, 0, 0, 0, 0, -0.0625, 0, 0.0625, -0.34375, 0, 0, 0, 0, 0, 0, 0, 0, 0, 0, 0, -0.0625, 0, 0, 0, -0.125, 0.125, 0, 0, 0, 0, 0, 0, 0, 0, 0, 0, 0, 0, 0, 0, 0, 0, -0.125, 0, 0, 0, 0, 0, 0, 0, 0, 0, 0, 0, 0, 0, 0, 0, 0, 0, 0, 0, 0, 0, 0, 0, 0, 0, 0, 0, 0, 0, 0, 0, 0, 0, 0, 0, 0, 0, 0, 0, 0, 0, 0, 0, 0, 0, 0.279075, 0, 0, 0, 0, 0, 0, 0, 0, 0, 0, 0, 0, 0, 0, 0, 0.2468906, 0.125, 0, 0, 0, 0, 0, 0, 0, 0, 0, 0, 0, 0, 0, 0, 0, 0, 0, 0, 0, 0, 0, 0, 0, 0, 0, 0, 0, 0, 0, 0, 0.140625, 0, 0, 0, 0, 0, 0, 0, 0, 0, 0, 0, 0, 0, 0, 0]
Step: 4312, -1
Step: 4114, 1
Step: 4231, 1
Step: 2413, 1
Step: 2332, 1
Step: 2134, 1
Step: 2113, 1
Step: 2132, 1
Step: 2312, 1
Step: 3112, 0
Step: 2112, -0.5
Step: 2112, 0
Step: 2112, -0.5
Step: 2112, -0.5
Step: 2112, -0.5
Step: 2112, -0.5
Episode End: 2112, Total Reward:3.5, Epsilon: 0.09550297
Avg. Q-Values: [-0.125, 0, -0.03125, -0.125, 0, 0, -1.5625, -0.125, -0.25, 0, -0.125, -0.125, 0.1875, -0.0390625, -0.0625, 0, -0.125, 0, -0.0625, -0.125, 0, 0, -0.03125, 0, -0.1875, 0, 0, -0.125, 0.125, 0, 0, 0.3125, -0.4375, 0, 0, 0, 0, 0, -0.125, 0, 0, 0, 0, -0.125, 0, 0, 0, 0, 0, 0, 0, 0, 0, 0, 0, 0, 0, -0.125, -0.125, -0.125, 0, 0, 0.21875, -0.125, 0, 0, 0, 0, -0.25, 0, 0, 0, 0, 0, 0, 0, 0, 0, -0.01609375, 0, -1.4375, 0, 0, -0.125, 0, 0, 0, 0, 0, 0, 0, 0, 0, -0.0625, 0.0546875, 0, -0.125, 0, 0, 0, 0, -0.125, 0, 0, 0, 0, 0, 0, 0, -0.0625, 0, 0.0625, -0.34375, 0, 0, 0, 0, 0, 0, 0, 0, 0, 0, 0, -0.0625, 0, 0, 0, -0.125, 0.125, 0, 0, 0, 0, 0, 0, 0, 0, 0, 0, 0, 0, 0, 0, 0, 0, -0.125, 0, 0, 0, 0, 0, 0, 0, 0, 0, 0, 0, 0, 0, 0, 0, 0, 0, 0, 0, 0, 0, 0, 0, 0, 0, 0, 0, 0, 0, 0, 0, 0, 0, 0, 0, 0, 0, 0, 0, 0, 0, 0, 0, 0, 0, 0.279075, 0, 0, 0, 0, 0, 0, 0, 0, 0, 0, 0, 0, 0, 0, 0, 0.2468906, 0.125, 0, 0, 0, 0, 0, 0, 0, 0, 0, 0, 0, 0, 0, 0, 0, 0, 0, 0, 0, 0, 0, 0, 0, 0, 0, 0, 0, 0, 0, 0, 0.140625, 0, 0, 0, 0, 0, 0, 0, 0, 0, 0, 0, 0, 0, 0, 0]
Step: 1241, -1
Step: 1123, -1
Step: 1223, -1
Step: 4212, -0.5
Step: 1212, 0
Step: 1212, 0.5
Step: 1212, 1
Step: 1212, 1
Step: 1212, 0.5
Step: 1212, 0.5
Step: 1212, 0
Step: 1212, 0.5
Step: 1212, -1
Step: 1212, -1
Step: 1212, -1
Step: 1212, -0.5
Episode End: 1212, Total Reward:-4, Epsilon: 0.09550297
Avg. Q-Values: [-0.125, 0, -0.03125, -0.125, 0, 0, -1.5625, -0.125, -0.25, 0, -0.125, -0.125, 0.1875, -0.0390625, -0.0625, 0, -0.125, 0, -0.0625, -0.125, 0, 0, -0.03125, 0, -0.1875, 0, 0, -0.125, 0.125, 0, 0, 0.3125, -0.4375, 0, 0, 0, 0, 0, -0.1875, 0, 0, 0, 0, -0.125, 0, 0, 0, 0, 0, 0, 0, 0, 0, 0, 0, -0.125, 0, -0.125, -0.125, -0.125, 0, 0, 0.21875, -0.125, 0, 0, 0, 0, -0.25, 0, 0, 0, 0, 0, 0, 0, 0, 0, -0.01609375, 0, -1.4375, 0, 0, -0.125, 0, 0, 0, 0, 0, 0, 0, 0, 0, -0.0625, 0.0546875, 0, -0.125, 0, 0, 0, 0, -0.125, 0, 0, 0, 0, 0, 0, 0, -0.0625, 0, 0.0625, -0.34375, 0, 0, 0, 0, 0, 0, 0, 0, 0, 0, 0, -0.0625, 0, 0, 0, -0.125, 0.125, 0, 0, 0, 0, 0, 0, 0, 0, 0, 0, 0, 0, 0, 0, 0, 0, -0.125, 0, 0, 0, 0, 0, 0, 0, 0, 0, 0, 0, 0, 0, 0, 0, 0, 0, 0, 0, 0, 0, 0, 0, 0, 0, 0, 0, 0, 0, 0, 0, 0, 0, 0, 0, 0, 0, 0, 0, 0, 0, 0, 0, 0, 0, 0.279075, 0, 0, 0, 0, 0, 0, 0, 0, 0, 0, 0, 0, 0, 0, 0, 0.2468906, 0.125, 0, 0, 0, 0, 0, 0, 0, 0, 0, 0, 0, 0, 0, 0, 0, 0, 0, 0, 0, 0, 0, 0, 0, 0, 0, 0, 0, 0, 0, 0, 0.140625, 0, 0, 0, 0, 0, 0, 0, 0, 0, 0, 0, 0, 0, 0, 0]
Step: 3244, -1
Step: 3324, -1
Step: 3342, 1
Step: 3241, 1
Step: 3412, 1
Step: 3322, 1
Step: 1144, 1
Step: 1234, 1
