Step: 1242, -0.5
Step: 1142, -0.5
Step: 1114, -0.5
Step: 1142, -0.5
Step: 1141, -0.5
Step: 1421, -0.5
Step: 1141, -0.5
Step: 1312, -0.5
Step: 1141, 0
Step: 1431, -0.5
Step: 4131, 0
Step: 4311, -0.5
Step: 1311, -0.5
Step: 1311, 0
Step: 1311, 0.5
Step: 3111, 0
Episode End: 3111, Total Reward:-5, Epsilon: 0.9280005
Avg. Q-Values: [0, 0, 0, 0, 0, 0, 0, 0, 0, 0, 0, 0, 0, 0, 0, 0, 0, 0, 0, 0, 0, 0, 0, 0, 0, 0, 0, 0, 0, 0, 0, 0, 0.0621875, 0, 0, -0.0625, 0, 0, 0, 0, 0, 0, 0, 0, 0, 0, 0, 0, 0, 0, -0.0625, 0, -0.125, -0.0625, -0.0625, 0, 0, 0, 0, 0, 0, 0, 0, 0, 0, 0, 0, 0, 0, 0, 0, 0, 0, 0, 0, 0, 0, 0, 0, 0, 0, 0, 0, 0, 0, 0, 0, 0, 0, 0, 0, 0, 0, 0, 0, 0, 0, 0, 0, 0, 0, 0, 0, 0, 0, 0, 0, 0, 0, 0, 0, 0, 0, 0, 0, 0, 0, 0, 0, 0, 0, 0, 0, 0, 0, 0, 0, 0, 0, 0, 0, 0, 0, 0, 0, 0, 0, 0, 0, 0, 0, 0, 0, 0, 0, 0, 0, 0, 0, 0, 0, 0, 0, 0, 0, 0, 0, 0, 0, 0, 0, 0, 0, 0, 0, 0, 0, 0, 0, 0, 0, 0, 0, 0, 0, 0, 0, 0, 0, 0, 0, 0, 0, 0, 0, 0, 0, 0, 0, 0, 0, 0, 0, 0, 0, 0, 0, 0, 0, 0, 0, 0, 0, 0, 0, 0, 0, 0, 0, 0, 0, 0, 0, 0, 0, 0, 0, 0, 0, 0, 0, 0, 0, 0, 0, 0, 0, 0, 0, 0, 0, 0, 0, 0, 0, 0, 0, 0, 0, 0, 0, 0, 0, 0, 0, 0, 0, 0, 0, 0, 0, 0, 0, 0, 0, 0]
Step: 3114, 0
Step: 3411, 0
Step: 3114, 0
Step: 1331, 0
Step: 1313, 0
Step: 1113, 0.5
Step: 1131, 0.5
Step: 1131, 0
Step: 1113, 0
Step: 1131, 1
Step: 1113, 1
Step: 1113, 1
Step: 1313, 0.5
Step: 1313, 1
Step: 1331, 1
Step: 1313, 0
Episode End: 1313, Total Reward:6.5, Epsilon: 0.8560009
Avg. Q-Values: [0, 0, 0, 0, 0, 0, 0, 0, 0, 0, 0, 0, 0, 0, 0, 0, 0, 0, 0, 0, 0, 0, 0, 0, 0, 0, 0, 0, 0, 0, 0, 0, 0.0621875, 0, 0, -0.0625, 0, 0, 0, 0, 0, 0, 0, 0, 0, 0, 0, 0, 0.1875, 0, -0.0625, 0, -0.125, -0.0625, -0.0625, 0, 0, 0, 0, 0, 0, 0, 0, 0, 0.1875, 0, 0, 0, 0, 0, 0, 0, 0, 0, 0, 0, 0, 0, 0, 0, 0.125, 0, 0, 0, 0, 0, 0, 0, 0, 0, 0, 0, 0, 0, 0, 0, 0, 0, 0, 0, 0, 0, 0, 0, 0, 0, 0, 0, 0, 0, 0, 0, 0, 0, 0, 0, 0, 0, 0, 0, 0, 0, 0, 0, 0, 0, 0, 0, 0, 0, 0, 0, 0, 0, 0, 0, 0, 0, 0, 0, 0, 0, 0, 0, 0, 0, 0, 0, 0, 0, 0, 0, 0, 0, 0, 0, 0, 0, 0, 0, 0, 0, 0, 0, 0, 0, 0, 0, 0, 0, 0, 0, 0, 0, 0, 0, 0, 0, 0, 0, 0, 0, 0, 0, 0, 0, 0, 0, 0, 0, 0, 0, 0, 0, 0, 0, 0, 0, 0, 0, 0, 0, 0, 0, 0, 0, 0, 0, 0, 0, 0, 0, 0, 0, 0, 0, 0, 0, 0, 0, 0, 0, 0, 0, 0, 0, 0, 0, 0, 0, 0, 0, 0, 0, 0, 0, 0, 0, 0, 0, 0, 0, 0, 0, 0, 0, 0, 0, 0, 0, 0, 0, 0, 0, 0, 0]
Step: 2411, 0
Step: 1122, 0
Step: 1221, 0
Step: 1221, 0
Step: 4221, -0.5
Step: 1221, -1
Step: 1221, -1
Step: 1221, -1
Step: 1212, -1
Step: 1212, 1
Step: 4212, 1
Step: 1212, -1
Step: 4212, 1
Step: 4112, -0.5
Step: 1412, -0.5
Step: 4112, 1
Episode End: 4112, Total Reward:-3, Epsilon: 0.7840014
Avg. Q-Values: [0, 0, 0, 0, 0, -0.125, 0, 0, 0, 0, 0, 0, 0, 0, 0, 0, 0, 0, 0, 0, 0.125, -0.0625, 0, 0, 0, 0, 0, 0, 0, 0, 0, 0, 0.0621875, 0, 0, -0.0625, 0, 0, 0, 0, 0, 0, 0, 0, 0, 0, 0, 0, 0.1875, 0, -0.0625, 0, -0.125, -0.0625, -0.0625, 0, 0, 0, 0, 0, 0, 0, 0, 0, 0.1875, 0, 0, 0, 0, 0, 0, 0, 0, 0, 0, 0, 0, 0, 0, 0, 0.125, 0, 0, 0, 0, 0, 0, 0, 0, 0, 0, 0, 0, 0, 0, 0, 0, 0, 0, 0, 0, 0, 0, 0, 0, 0, 0, 0, 0, 0, 0, 0, 0, 0, 0, 0, 0, 0, 0, 0, 0, 0, 0, 0, 0, 0, 0, 0, 0, 0, 0, 0, 0, 0, 0, 0, 0, 0, 0, 0, 0, 0, 0, 0, 0, 0, 0, 0, 0, 0, 0, 0, 0, 0, 0, 0, 0, 0, 0, 0, 0, 0, 0, 0, 0, 0, 0, 0, 0, 0, 0, 0, 0, 0, 0, 0, 0, 0, 0, 0, 0, 0, 0, 0, 0, 0, 0, 0, 0, 0, 0, 0, 0, 0, 0, 0, 0, 0, 0, 0, 0, 0, 0, 0, 0, 0, 0, 0, 0, 0, 0, 0, 0, 0, 0, 0, 0, 0, 0, 0, 0, 0, 0, 0, 0, 0, 0, 0, 0, 0, 0, 0, 0, 0, 0, 0, 0, 0, 0, 0, 0, 0, 0, 0, 0, 0, 0, 0, 0, 0, 0, 0, 0, 0, 0, 0]
Step: 4341, -0.5
Step: 4313, -1
Step: 4314, -1
Step: 4331, -1
Step: 4431, -1
Step: 4132, -1
Step: 3241, -1
Step: 3412, -0.5
Step: 3322, -1
Step: 3142, -1
Step: 3214, -1
Step: 1432, 0.5
Step: 1342, 0
Step: 1414, -0.5
Step: 1214, 1
Step: 1414, 1
Episode End: 1414, Total Reward:-7, Epsilon: 0.7120018
Avg. Q-Values: [0, 0, 0, 0, 0, -0.125, 0, 0, 0, 0, 0, 0, 0, 0, 0, 0, 0, 0, 0, 0, 0.125, -0.0625, 0, 0, 0, 0, 0, 0, 0, 0, 0, 0, 0.0621875, 0, 0, -0.0625, 0, 0, 0, 0, 0, 0, 0, 0, 0, 0, 0, 0, 0.1875, 0, -0.0625, 0, -0.125, -0.0625, -0.0625, 0, 0, 0, 0, 0, 0, 0, 0, 0, 0.1875, 0, 0, 0, 0, -0.875, 0, 0, 0, 0, 0, 0, 0, 0, 0, 0, 0.125, 0, 0, 0, 0, 0, 0, 0, 0, 0, 0, 0, 0, 0, 0, 0, 0, 0, 0, 0, 0, 0, 0, 0, 0, 0, 0, 0, 0, 0, 0, 0, 0, 0, 0, 0, 0, 0, 0, 0, 0, 0, 0, 0, 0, 0, 0, 0, 0, 0, 0, 0, 0, 0, 0.0625, -0.125, 0, 0, 0, 0, 0, 0, 0, 0, 0, 0, 0, 0, 0, 0, 0, 0, 0, 0, 0, 0, 0, 0, 0, 0, 0, 0, 0, 0, 0, 0, 0, 0, -0.0625, 0, 0, 0, 0, 0, 0, 0, 0, 0, 0, 0, 0, 0, 0, 0, 0, -0.125, -0.125, -0.125, 0, 0, 0, 0, 0, 0, 0, 0, 0, 0, 0, 0, 0, 0, -0.125, 0, 0, 0, 0, 0, 0, 0, 0, 0, 0, 0, 0, 0, 0, 0, 0, 0, 0, 0, 0, 0, 0, 0, 0, 0, 0, 0, 0, 0, 0, 0, 0, 0, 0, 0, 0, 0, 0, 0, 0, 0, 0, 0, 0, 0, 0, 0, 0, 0, 0, 0, 0, 0]
Step: 4132, 1
Step: 3241, -1
Step: 3412, -0.5
Step: 3223, -1
Step: 3142, -0.5
Step: 3214, -0.5
Step: 1432, -0.5
Step: 1342, -0.5
Step: 1232, -0.5
Step: 1314, -0.5
Step: 1114, 1
Step: 1142, -1
Step: 1141, -1
Step: 1421, -1
Step: 1141, -1
Step: 1421, -1
Episode End: 1421, Total Reward:-9.5, Epsilon: 0.6400023
Avg. Q-Values: [0, 0, 0, 0, 0, -0.125, 0, 0, 0, 0, 0, 0, 0, 0, 0, 0, 0, 0, 0, 0, 0.125, -0.0625, 0, 0, 0, 0, 0, 0, 0, 0, 0, 0, 0.0621875, 0, 0, -0.15625, 0, 0, 0, 0, 0, 0, 0, 0, 0, 0, 0, 0, 0.1875, 0, -0.0625, 0, -0.21875, -0.0625, -0.0625, 0, 0, 0, 0, 0, 0, 0, 0, 0, 0.1875, 0, 0, 0, 0, -0.875, 0, 0, 0, 0, 0, 0, 0, 0, 0, 0, 0.125, 0, 0, 0, 0, 0.125, 0, 0, 0, 0, 0, 0, 0, 0, 0, 0, 0, 0, 0, 0, 0, -0.0625, 0, 0, 0, 0, 0, 0, 0, 0, 0, 0, 0, 0, 0, 0, 0, 0, 0, 0, 0, 0, 0, 0, 0, 0, 0, 0, 0, 0, 0, 0, 0, 0, -0.03125, -0.125, 0, 0, 0, 0, 0, 0, 0, 0, 0, 0, 0, 0, 0, 0, 0, -0.0625, 0, 0, 0, 0, 0, 0, 0, 0, 0, 0, 0, 0, 0, 0, 0, 0, -0.09375, -0.125, 0, 0, 0, 0, 0, 0, 0, 0, 0, 0, 0, 0, 0, 0, 0, -0.125, -0.125, -0.125, 0, 0, 0, 0, 0, 0, 0, 0, 0, 0, 0, 0, 0, 0, -0.125, 0, 0, 0, 0, 0, 0, 0, 0, 0, 0, 0, 0, 0, 0, 0, 0, 0, 0, 0, 0, 0, 0, 0, 0, 0, 0, 0, 0, 0, 0, 0, 0, 0, 0, 0, 0, 0, 0, 0, 0, 0, 0, 0, 0, 0, 0, 0, 0, 0, 0, 0, 0, 0]
Step: 4343, -1
Step: 4343, -1
Step: 4334, -1
Step: 1334, -1
Step: 4334, -1
Step: 1334, -1
Step: 4334, -1
Step: 4433, -1
Step: 4433, -1
Step: 3144, -1
Step: 4133, -1
Step: 3144, -1
Step: 4133, -1
Step: 4413, -1
Step: 4431, 0
Step: 4132, -0.5
Episode End: 4132, Total Reward:-15.5, Epsilon: 0.5680027
Avg. Q-Values: [0, 0, 0, 0, 0, -0.125, 0, 0, 0, 0, 0, 0, 0, 0, 0, 0, 0, 0, 0, 0, 0.125, -0.0625, 0, 0, 0, 0, 0, 0, 0, 0, 0, 0, 0.0621875, 0, 0, -0.15625, 0, 0, 0, 0, 0, 0, 0, 0, 0, 0, 0, 0, 0.1875, 0, -0.0625, 0, -0.21875, -0.0625, -0.0625, 0, 0, 0, 0, 0, 0, 0, 0, 0, 0.1875, 0, 0, 0, 0, -0.875, 0, 0, 0, 0, 0, 0, 0, 0, 0, 0, 0.125, 0, 0, 0, 0, 0.125, 0, 0, 0, 0, 0, 0, 0, 0, 0, 0, 0, 0, 0, 0, 0, -0.0625, 0, 0, 0, 0, 0, 0, 0, 0, 0, 0, 0, 0, 0, 0, 0, 0, 0, 0, 0, 0, 0, 0, 0, 0, 0, 0, 0, 0, 0, 0, 0, 0, -0.03125, -0.125, 0, 0, 0, 0, 0, 0, 0, 0, 0, 0, 0, 0, 0, 0, 0, -0.0625, 0, 0, 0, 0, 0, 0, 0, 0, 0, 0, 0, 0, 0, 0, 0, 0, -0.09375, -0.125, 0, 0, 0, 0, 0, 0, 0, 0, 0, 0, 0, 0, 0, 0, 0, -0.125, -0.125, -0.125, 0, 0, 0, 0, 0, 0, 0, 0, 0, 0, 0, 0, 0, 0, -0.125, 0, 0, 0, 0, 0, 0, 0, 0, 0, 0, 0, 0, 0, -0.125, 0, 0, 0, 0, 0, 0, 0, 0, 0, 0, 0, 0, 0, 0, 0, 0, -0.1875, -0.125, 0, 0, 0, 0, 0, 0, 0, 0, 0, 0, 0, 0, 0, -0.125, -0.125, -0.25, 0, 0, 0, 0, 0]
Step: 1122, -1
Step: 2411, -1
Step: 1122, 0.5
Step: 1221, 0
Step: 1212, -0.5
Step: 1212, 1
