Step: 2423, 0
Step: 2141, 0.5
Step: 2423, 0
Step: 2223, 1
Step: 2123, 0
Step: 2113, 0.5
Step: 2132, 0
Step: 2113, 0
Step: 2134, -0.5
Step: 2332, 0
Step: 2134, -0.5
Step: 2113, 0
Step: 2132, -0.5
Step: 2312, 0
Step: 2132, 0
Step: 2231, 0.5
Episode End: 2231, Total Reward:1, Epsilon: 0.9280005
Avg. Q-Values: [0, 0, 0, 0, 0, 0, 0, 0, 0, 0, 0, 0, 0, 0, 0, 0, 0, 0, 0, 0, 0, 0, 0, 0, 0, 0, 0, 0, 0, 0, 0, 0, 0, 0, 0, 0, 0, 0, 0, 0, 0, 0.0625, 0, 0, 0, 0, 0, 0, 0, 0, 0, 0, 0, 0, 0, 0, 0, 0.0625, 0, 0, 0, 0, 0, 0, 0, 0, 0, 0, 0, 0, 0, 0, 0, 0, 0, 0.125, 0, 0, 0, 0, 0, 0, 0, 0, 0, 0, 0, 0, 0, -0.0625, 0, 0, 0, 0, 0, 0, 0, 0, 0, 0, 0, 0, 0, 0, 0, 0, 0, 0, 0, 0, 0, 0, 0, 0, 0, 0, 0, 0, 0, 0, 0, 0, 0, 0, 0, 0, 0, 0, 0, 0, 0, 0, 0, 0, 0, 0, 0, 0, 0, 0, 0, 0, 0, 0, 0, 0, 0, 0, 0, 0, 0, 0, 0, 0, 0, 0, 0, 0, 0, 0, 0, 0, 0, 0, 0, 0, 0, 0, 0, 0, 0, 0, 0, 0, 0, 0, 0, 0, 0, 0, 0, 0, 0, 0, 0, 0, 0, 0, 0, 0, 0, 0, 0, 0, 0, 0, 0, 0, 0, 0, 0, 0, 0, 0, 0, 0, 0, 0, 0, 0, 0, 0, 0, 0, 0, 0, 0, 0, 0, 0, 0, 0, 0, 0, 0, 0, 0, 0, 0, 0, 0, 0, 0, 0, 0, 0, 0, 0, 0, 0, 0, 0, 0, 0, 0, 0, 0, 0, 0, 0, 0, 0, 0, 0, 0, 0]
Step: 2141, 0.5
Step: 2423, 0.5
Step: 2223, 0
Step: 2423, 0.5
Step: 2223, 0
Step: 2142, 0
Step: 2131, -0.5
Step: 2123, 0.5
Step: 2113, -0.5
Step: 2213, -0.5
Step: 1124, -1
Step: 1231, 0
Step: 1422, 0
Step: 2411, 0
Step: 4221, 0
Step: 1123, 1
Episode End: 1123, Total Reward:0.5, Epsilon: 0.8560009
Avg. Q-Values: [0, 0, 0, 0, 0, 0, 0, 0, 0, 0, 0, 0, 0, 0, 0, 0, 0, 0, 0, 0, 0, 0, 0.0625, 0.125, 0, 0, 0, 0, 0, 0, 0, 0, 0, 0, 0, 0, 0, 0, 0, 0, 0, 0.0625, 0, 0, 0, 0, 0, 0, 0, 0, 0, 0, 0, 0, 0, 0, 0.0625, 0.0625, -0.0625, 0.0625, 0, 0, 0, 0, 0, 0, 0, 0, 0, 0, 0, 0, 0, -0.125, -0.0625, 0.09375, 0, 0, 0, 0, 0, 0, 0, 0, 0, 0, 0, 0, 0, -0.0625, 0, 0, 0, 0, 0, 0, 0, 0, 0, 0, 0, 0, 0, 0, 0, 0, 0, 0, 0, 0, 0, 0, 0, 0, 0, 0, 0, 0, 0, 0, 0, 0, 0, 0, 0, 0, 0, 0, 0, 0, 0, 0, 0, 0, 0, 0, 0, 0, 0, 0, 0, 0, 0, 0, 0, 0, 0, 0, 0, 0, 0, 0, 0, 0, 0, 0, 0, 0, 0, 0, 0, 0, 0, 0, 0, 0, 0, 0, 0, 0, 0, 0, 0, 0, 0, 0, 0, 0, 0, 0, 0, 0, 0, 0, 0, 0, 0, 0, 0, 0, 0, 0, 0, 0, 0, 0, 0, 0, 0, 0, 0, 0, 0, 0, 0, 0, 0, 0, 0, 0, 0, 0, 0, 0, 0, 0, 0, 0, 0, 0, 0, 0, 0, 0, 0, 0, 0, 0, 0, 0, 0, 0, 0, 0, 0, 0, 0, 0, 0, 0, 0, 0, 0, 0, 0, 0, 0, 0, 0, 0, 0, 0, 0, 0, 0, 0]
Step: 3311, 1
Step: 1133, 0
Step: 1331, 0.5
Step: 1331, 0
Step: 1313, 0.5
Step: 1113, -0.5
Step: 1131, 0.5
Step: 1311, -0.5
Step: 1311, 0
Step: 1131, -0.5
Step: 1311, -0.5
Step: 1311, -0.5
Step: 3111, 0
Step: 1111, -0.5
Step: 1111, 0
Step: 1111, 0.5
Episode End: 1111, Total Reward:-0.5, Epsilon: 0.7840014
Avg. Q-Values: [-0.03125, 0, 0, 0, 0, 0, 0, 0, 0, 0, 0, 0, 0, 0, 0, 0, 0, 0, 0, 0, 0, 0, 0.0625, 0.125, 0, 0, 0, 0, 0, 0, 0, 0, -0.09375, 0, 0, 0, 0, 0, 0.125, 0, 0, 0.0625, 0, 0, 0, 0, 0, 0, 0, 0, 0, 0, 0, 0, 0, 0, 0.0625, 0.0625, -0.0625, 0.0625, 0, 0, 0, 0, 0, 0, 0, 0, 0, 0, 0, 0, 0, -0.125, -0.0625, 0.09375, 0, 0, 0, 0, 0, 0, 0, 0, 0, 0, 0, 0, 0, -0.0625, 0, 0, 0, 0, 0, 0, 0.0625, 0, 0, 0, 0, 0, 0, 0, 0, 0, 0, 0, 0, 0, 0, 0, 0, 0, 0, 0, 0, 0, 0, 0, 0, 0, 0, 0, 0, 0, 0, 0, 0, 0, 0, 0, 0, 0, 0, 0, 0, 0, 0, 0, 0, 0, 0, 0, 0, 0, 0, 0, 0, 0, 0, 0, 0, 0, 0, 0, 0, 0, 0, 0, 0, 0, 0, 0, 0, 0, 0, 0, 0, 0, 0, 0, 0, 0, 0, 0, 0, 0, 0, 0, 0, 0, 0, 0, 0, 0, 0, 0, 0, 0, 0, 0, 0, 0, 0, 0, 0, 0, 0, 0, 0, 0, 0, 0, 0, 0, 0, 0, 0, 0, 0, 0, 0, 0, 0, 0, 0, 0, 0, 0, 0, 0, 0, 0, 0, 0, 0, 0, 0, 0, 0, 0, 0, 0, 0, 0, 0, 0, 0, 0, 0, 0, 0, 0, 0, 0, 0, 0, 0, 0, 0, 0, 0, 0, 0, 0]
Step: 2321, 0
Step: 2131, 0.5
Step: 2132, 0.5
Step: 2312, 0.5
Step: 3112, 1
Step: 2312, 1
Step: 2132, 0.5
Step: 2231, 0.5
Step: 2213, 0.5
Step: 1124, 0.5
Step: 1423, 0.5
Step: 1124, -0.5
Step: 1231, 0.5
Step: 1422, -0.5
Step: 2411, 0.5
Step: 1122, 0
Episode End: 1122, Total Reward:7, Epsilon: 0.7120018
Avg. Q-Values: [-0.015625, 0, 0, 0, 0, 0, 0, 0, 0, 0, 0, 0, 0, 0, 0, 0, 0, 0, 0, 0, 0, 0, 0.0625, 0.125, 0, 0.0934375, 0, 0, 0, 0, 0, 0, -0.09375, 0, 0, 0, 0, 0, 0.125, 0, 0, 0.155625, 0.0625, 0, 0, 0, 0, 0, 0, 0, 0, 0, 0, 0, 0, 0, 0.125, 0.09343749, 0.061875, 0.0625, 0, 0, 0, 0, 0, 0, 0, 0, 0, 0, 0, -0.0625, 0.0625, -0.125, -0.0625, 0.09375, 0, 0, 0, 0, 0, 0, 0, 0, 0, 0, 0, 0, 0, -0.0625, 0, 0, 0, 0, 0, 0, 0.0625, 0, 0, 0, 0, 0, 0, 0, 0, 0, 0, 0, 0, 0, 0, 0, 0, 0, 0, 0, 0, 0, 0, 0, 0, 0, 0, 0, 0, 0, 0, 0, 0, 0, 0, 0, 0, 0, 0, 0, 0, 0, 0, 0, 0, 0, 0, 0, 0, 0, 0, 0, 0, 0, 0, 0, 0, 0, 0, 0, 0, 0, 0, 0, 0, 0, 0, 0, 0, 0, 0, 0, 0, 0, 0, 0, 0, 0, 0, 0, 0, 0, 0, 0, 0, 0, 0, 0, 0, 0, 0, 0, 0, 0, 0, 0, 0, 0, 0, 0, 0, 0, 0, 0, 0, 0, 0, 0, 0, 0, 0, 0, 0, 0, 0, 0, 0, 0, 0, 0, 0, 0, 0, 0, 0, 0, 0, 0, 0, 0, 0, 0, 0, 0, 0, 0, 0, 0, 0, 0, 0, 0, 0, 0, 0, 0, 0, 0, 0, 0, 0, 0, 0, 0, 0, 0, 0, 0, 0, 0]
Step: 3312, 0.5
Step: 1134, 0.5
Step: 1232, 0.5
