Step: 1231, 1
Step: 1241, 0.5
Step: 1242, 0.5
Step: 1223, 0
Step: 1242, -0.5
Step: 1214, -0.5
Step: 1414, -1
Step: 1214, -0.5
Step: 1114, -1
Step: 1312, -1
Step: 1341, -1
Step: 1143, -0.5
Step: 1341, -0.5
Step: 1143, 0
Step: 3141, 0
Step: 1433, 0
Episode End: 1433, Total Reward:-4.5, Epsilon: 0.9280005
Avg. Q-Values: [0, 0, 0, 0, 0, 0, 0, 0, 0, 0, 0, 0, 0, 0, 0, 0, 0, 0, 0, 0, 0, 0, 0, 0, 0, 0, 0, 0, 0, 0, 0, 0, 0, 0, 0, 0, 0, -0.0625, 0, 0, 0, 0, 0, 0, 0, 0, 0, 0, 0, 0, 0, 0, 0, -0.125, 0, 0.0625, 0.0625, 0, 0, 0, 0, 0, 0, 0, 0, 0, 0, -0.0625, -0.125, -0.1875, 0, 0, 0, 0, 0, 0, 0, 0, 0, 0, 0, 0, 0, -0.03125, 0, 0, 0, 0, 0, 0, 0, 0, 0, 0, 0, 0, 0, 0, 0, 0, 0, 0, 0, 0, 0, 0, 0, 0, 0, 0, 0, 0, 0, 0, 0, -0.5625, 0, 0, 0, 0, 0, 0, 0, 0, 0, 0, 0, 0, 0, 0, 0, 0, 0, 0, 0, 0, 0, 0, 0, 0, 0, 0, 0, 0, 0, 0, 0, 0, 0, 0, 0, 0, 0, 0, 0, 0, 0, 0, 0, 0, 0, 0, 0, 0, 0, 0, 0, 0, 0, 0, 0, 0, 0, 0, 0, 0, 0, 0, 0, 0, 0, 0, 0, 0, 0, 0, 0, 0, 0, 0, 0, 0, 0, 0, 0, 0, 0, 0, 0, 0, 0, 0, 0, 0, 0, 0, 0, 0, 0, 0, 0, 0, 0, 0, 0, 0, 0, 0, 0, 0, 0, 0, 0, 0, 0, 0, 0, 0, 0, 0, 0, 0, 0, 0, 0, 0, 0, 0, 0, 0, 0, 0, 0, 0, 0, 0, 0, 0, 0, 0, 0, 0, 0, 0, 0, 0]
Step: 4332, 0
Step: 1434, 0
Step: 4332, 0
Step: 4414, 0
Step: 4324, 0
Step: 4313, 0
Step: 4341, 0
Step: 4141, 0
Step: 4213, 0
Step: 4123, 0
Step: 4231, 0
Step: 4411, 0.5
Step: 3322, 0.5
Step: 1144, 0.5
Step: 1324, 0.5
Step: 3142, 0.5
Episode End: 3142, Total Reward:3, Epsilon: 0.8560009
Avg. Q-Values: [0, 0, 0, 0, 0, 0, 0, 0, 0, 0, 0, 0, 0, 0, 0, 0, 0, 0, 0, 0, 0, 0, 0, 0, 0, 0, 0, 0, 0, 0, 0, 0, 0, 0, 0, 0, 0, -0.0625, 0, 0, 0, 0, 0, 0, 0, 0, 0, 0, 0, 0, 0, 0, 0, -0.125, 0, 0.0625, 0.0625, 0, 0, 0, 0, 0, 0, 0, 0, 0, 0, -0.0625, -0.125, -0.1875, 0, 0, 0, 0, 0, 0, 0, 0, 0, 0, 0, 0, 0, -0.03125, 0, 0, 0, 0, 0, 0, 0, 0, 0, 0, 0, 0, 0, 0, 0, 0, 0, 0, 0, 0, 0, 0, 0, 0, 0, 0, 0, 0, 0, 0, 0, -0.5625, 0, 0, 0.375, 0.0625, 0, 0, 0, 0, 0, 0, 0, 0, 0, 0, 0, 0, 0, 0, 0, 0, 0.0625, 0.0625, 0.0625, 0, 0, 0, 0, 0, 0, 0, 0, 0, 0, 0, 0, 0, 0, 0, 0, 0, 0, 0, 0, 0, 0, 0, 0, 0, 0, 0, 0, 0, 0, 0, 0, 0, 0, 0, 0, 0, 0, 0, 0, 0, 0, 0, 0, 0, 0, 0, 0, 0, 0, 0, 0, 0, 0, 0, 0, 0, 0, 0, 0, 0, 0, 0, 0, 0, 0, 0, 0, 0, 0, 0, 0, 0, 0, 0, 0, 0, 0, 0, 0, 0, 0, 0, 0, 0, 0, 0, 0, 0, 0, 0, 0, 0, 0, 0, 0, 0, 0, 0, 0, 0, 0, 0, 0, 0, 0, 0, 0, 0, 0, 0, 0, 0, 0, 0, 0, 0]
Step: 2243, 0.5
Step: 4421, 0.5
Step: 4123, 0.5
Step: 4231, 0
