Step: 3133, 0
Step: 3133, -1
Step: 3313, -1
Step: 3133, -1
Step: 3133, -0.5
Step: 1333, -1
Step: 3333, -1
Step: 1333, -1
Step: 3133, -1
Step: 3133, -1
Step: 1333, -1
Step: 3333, -1
Step: 1333, -1
Step: 3333, -0.5
Step: 3333, -0.5
Step: 3333, -1
Episode End: 3333, Total Reward:-14.5, Epsilon: 0.9280005
Avg. Q-Values: [0, 0, 0, 0, 0, 0, 0, 0, 0, 0, 0, 0, 0, 0, 0, 0, 0, 0, 0, 0, 0, 0, 0, 0, 0, 0, 0, 0, 0, 0, 0, 0, 0, 0, 0, 0, 0, 0, 0, 0, 0, 0, 0, 0, 0, 0, 0, 0, 0, 0, 0, 0, 0, 0, 0, 0, 0, 0, 0, 0, 0, 0, 0, 0, 0, 0, 0, 0, 0, 0, 0, 0, 0, 0, 0, 0, 0, 0, 0, 0, 0, 0, 0, 0, 0, 0, 0, 0, 0, 0, 0, 0, 0, 0, 0, 0, 0, 0, 0, 0, 0, 0, 0, 0, 0, 0, 0, 0, 0, 0, 0, 0, 0, 0, 0, 0, 0, 0, 0, 0, 0, 0, 0, 0, 0, 0, 0, 0, 0, 0, 0, 0, 0, 0, 0, 0, 0, 0, 0, 0, 0, 0, 0, 0, 0, 0, 0, 0, 0, 0, 0, 0, 0, 0, 0, 0, 0, 0, 0, 0, 0, 0, 0, 0, 0, 0, 0, 0, 0, 0, 0, 0, 0, 0, 0, 0, 0, 0, 0, 0, 0, 0, 0, 0, 0, 0, 0, 0, 0, 0, 0, 0, -0.0625, 0, 0, 0, 0, 0, 0, 0, 0, 0, 0, 0, 0, 0, 0, 0, -0.40625, 0, 0, 0, 0, 0, 0, 0, 0, 0, 0, 0, 0, 0, 0, 0, -0.15625, 0, 0, 0, 0, 0, 0, 0, 0, 0, 0, 0, 0, 0, 0, 0, -1.9375, 0, 0, 0, 0, 0, 0, 0, 0, 0, 0, 0, 0, 0, 0, 0]
Step: 4144, 0.5
Step: 4124, 0
Step: 4144, 0.5
Step: 1344, 0
Step: 4144, -0.5
Step: 4124, -0.5
Step: 4144, -0.5
Step: 4332, -0.5
Step: 1434, 0.5
Step: 4434, -0.5
Step: 4443, -0.5
Step: 4343, -0.5
Step: 4334, -0.5
Step: 4334, 0.5
Step: 4334, -0.5
Step: 1334, -0.5
Episode End: 1334, Total Reward:-3.5, Epsilon: 0.8560009
Avg. Q-Values: [0, 0, 0, 0, 0, 0, 0, 0, 0, 0, 0, 0, 0, 0, 0, 0, 0, 0, 0, 0, 0, 0, 0, 0, 0, 0, 0, 0, 0, 0, 0, 0, 0, 0, 0, 0, 0, 0, 0, 0, 0, 0, 0, 0, 0, 0, 0, 0, 0, 0, 0, 0, 0, 0, 0, 0, 0, 0, 0, 0, 0, 0, 0, 0, 0, 0, 0, 0, 0, 0, 0, 0, 0, 0, 0, 0, 0, 0, 0, 0, 0, 0, 0, 0, 0, 0, 0, 0, 0, 0, 0, 0, 0, 0, 0, 0, 0, 0, 0, 0, 0, 0, 0, 0, 0, 0, 0, 0, 0, 0, 0, 0, 0, 0, 0, 0, 0, 0, 0, 0, 0, 0, 0, 0, 0, 0, 0, 0, 0, 0, 0, 0, 0, 0, 0, 0, 0, 0, 0, 0, 0, 0, 0, 0, 0, 0, 0, 0, 0, 0, 0, 0, 0, 0, 0, 0, 0, 0, 0, 0, 0, 0, 0, 0, 0, 0, 0, 0, 0, 0, 0, 0, 0, 0, 0, 0, 0, 0, 0, 0, 0, 0, 0, 0, 0, 0, 0, 0, 0, 0, 0, 0, -0.0625, 0, 0, 0, 0, 0, 0, 0, 0, 0, 0, 0, 0, -0.0625, 0, 0, -0.40625, 0, 0, 0, 0, 0, 0, 0, 0, 0, 0, 0, -0.0625, 0, 0, 0, -0.15625, 0, 0, 0, 0, 0, 0, 0, 0, 0, 0, 0, -0.0625, 0, 0, 0, -0.96875, 0, 0, 0, 0, 0, 0, 0, 0, -0.09375, 0.0625, -0.0625, -0.0625, 0, 0, 0]
Step: 1234, -0.5
Step: 1423, -0.5
Step: 1243, 0.5
Step: 1441, 0
Step: 1342, -0.5
Step: 1232, -0.5
Step: 1314, -0.5
Step: 1114, -0.5
Step: 1312, -0.5
Step: 1341, -0.5
Step: 1143, 0
Step: 3141, 0.5
Step: 1143, 0
Step: 1341, 0.5
Step: 1143, 0.5
Step: 1341, -1
Episode End: 1341, Total Reward:-4, Epsilon: 0.7840014
Avg. Q-Values: [0, 0, 0, 0, 0, 0, 0, 0, 0, 0, 0, 0, 0, 0, 0, 0, 0, 0, 0, 0, 0, 0, 0, 0, 0, 0, 0, 0, 0, 0, 0, 0, 0, 0, 0, 0, 0, 0, 0, 0, 0, 0, 0, 0, 0, 0, 0, 0, 0, 0, 0, 0, 0, 0, 0, 0, 0, 0, 0, 0, 0, 0, 0, 0, 0, 0, 0, 0, -0.0625, 0, 0, 0, 0, 0, 0, 0, 0, 0, 0, 0, 0, 0, 0, -0.09375, 0, 0, -0.0625, 0, 0, 0, 0, 0, 0, 0, 0, 0, 0, 0, 0, 0, 0, -0.0625, -0.0625, 0, -0.0625, 0, 0, 0, 0, 0, 0, 0, 0, 0, 0, 0, 0, 0, 0, 0, 0, 0, 0, 0, 0, 0, 0, 0, 0, 0, 0, 0, 0, 0, 0, 0, 0, 0, 0, 0, 0, 0, 0, 0, 0, 0, 0, 0, 0, 0, 0, 0, 0, 0, 0, 0, 0, 0, 0, 0, 0, 0, 0, 0, 0, 0, 0, 0, 0, 0, 0, 0, 0, 0, 0, 0, 0, 0, 0, 0, 0, 0, 0, 0, 0, 0, 0, 0, 0, 0, 0, 0, -0.0625, 0, 0, 0, 0, 0, 0, 0, 0, 0, 0, 0, 0, -0.0625, 0, 0, -0.40625, 0, 0, 0, 0, 0, 0, 0, 0, 0, 0, 0, -0.0625, 0, 0, 0, -0.15625, 0, 0, 0, 0, 0, 0, 0, 0, 0, 0, 0, -0.0625, 0, 0, 0, -0.96875, 0, 0, 0, 0, 0, 0, 0, 0, -0.09375, 0.0625, -0.0625, -0.0625, 0, 0, 0]
Step: 2341, -0.5
Step: 2413, -1
Step: 2233, -0.5
Step: 1144, -1
Step: 1234, -1
Step: 1144, -1
Step: 3322, -0.5
Step: 1144, 1
Step: 1234, -0.5
Step: 1423, -0.5
Step: 1243, 1
Step: 1224, 0
Step: 1243, 0.5
Step: 1224, 0.5
Step: 1241, 0
Step: 1123, 0.5
Episode End: 1123, Total Reward:-3, Epsilon: 0.7120018
Avg. Q-Values: [0, 0, 0, 0, 0, 0, 0, 0, 0, 0, 0, 0, 0, 0, 0, 0, 0, 0, 0, 0, 0, 0, 0, 0, 0, 0, 0, 0, 0, 0, 0, 0, 0, 0, 0, 0, 0, 0, 0, 0, 0, 0, 0, 0, 0, 0, 0, 0, 0, 0, 0, 0, 0, 0, 0, 0, 0, 0, 0, 0, 0, 0, 0, 0, 0, 0, 0, 0, -0.0625, 0, 0.0625, 0, 0, 0, 0, 0, 0, 0, 0, 0, 0, 0, 0, -0.09375, 0, 0, -0.0625, 0, 0, 0, 0, 0, 0, 0, 0, 0, 0, 0, 0, 0, 0, -0.0625, -0.0625, -0.0625, -0.0625, 0, 0, 0, 0, 0, 0, 0, 0, 0, 0, 0, 0, 0, 0, 0.125, -0.125, -0.125, -0.0625, -0.125, 0, 0, 0, 0, 0, 0, 0, 0, 0, 0, 0, 0, 0, 0, 0, 0, 0, 0, 0, 0, 0, 0, 0, 0, 0, 0, 0, 0, 0, 0, 0, 0, 0, 0, 0, 0, 0, 0, 0, 0, 0, 0, 0, 0, 0, 0, 0, 0, 0, 0, 0, 0, 0, 0, 0, 0, 0, 0, 0, 0, 0, 0, 0, 0, 0, 0, 0, 0, -0.0625, 0, 0, 0, 0, 0, 0, 0, 0, 0, 0, 0, 0, -0.0625, 0, 0, -0.40625, 0, 0, 0, 0, 0, 0, 0, 0, 0, 0, 0, -0.0625, 0, 0, 0, -0.15625, 0, 0, 0, 0, 0, 0, 0, 0, 0, 0, 0, -0.0625, 0, 0, 0, -0.96875, 0, 0, 0, 0, 0, 0, 0, 0, -0.09375, 0.0625, -0.0625, -0.0625, 0, 0, 0]
Step: 1441, 0
Step: 1342, -0.5
Step: 1232, -0.5
Step: 1314, -1
Step: 1341, -0.5
Step: 1143, -1
Step: 1341, -1
Step: 1321, -1
Step: 1213, 0.5
Step: 4113, 0
Step: 4131, -0.5
Step: 4311, 0
Step: 4131, 1
Step: 4311, 1
Step: 4131, 1
Step: 4311, 1
Episode End: 4311, Total Reward:-0.5, Epsilon: 0.6400023
Avg. Q-Values: [0, 0, 0, 0, 0, 0, 0, 0, 0, 0, 0, 0, 0, 0, 0, 0, 0, 0, 0, 0, 0, 0, 0, 0, 0, 0, 0, 0, 0, 0, 0, 0, 0, 0.1875, 0, 0, 0, 0, 0, 0, 0, 0, 0, 0, 0, 0, 0, 0, 0, 0, 0, 0, 0, 0, 0, 0, 0, 0, 0, 0, 0, 0, 0, 0, 0, 0, 0, 0, -0.0625, 0, 0.0625, 0, 0, 0, 0, 0, 0, 0, 0, 0, 0, 0, 0, -0.109375, -0.125, 0, -0.0625, 0, 0, 0, 0, 0, 0, 0, 0, 0, 0, 0, 0, 0, 0, -0.15625, -0.09375, -0.0625, -0.0625, 0, 0, 0, 0, 0, 0, 0, 0, 0, 0, 0, 0, 0, 0, 0.125, -0.125, -0.125, -0.0625, -0.125, 0, 0, 0, 0, 0, 0, 0, 0, 0, 0, 0, 0, 0, 0, 0, 0, 0, 0, 0, 0, 0, 0, 0, 0, 0, 0, 0, 0, 0, 0, 0, 0, 0, 0, 0, 0, 0, 0, 0, 0, 0, 0, 0, 0, 0, 0, 0, 0, 0, 0, 0, 0, 0, 0, 0, 0, 0, 0, 0, 0, 0, 0, 0, 0, 0, 0, 0, 0, -0.0625, 0, 0, 0, 0, 0, 0, 0, 0, 0, 0, 0, 0, -0.0625, 0, 0, -0.40625, 0, 0, 0, 0, 0, 0, 0, 0, 0, 0, 0, -0.0625, 0, 0, 0, -0.15625, 0, 0, 0, 0, 0, 0, 0, 0, 0, 0, 0, -0.0625, 0, 0, 0, -0.96875, 0, 0, 0, 0, 0, 0, 0, 0, -0.09375, 0.0625, -0.0625, -0.0625, 0, 0, 0]
Step: 3212, 0.5
Step: 2212, 1
Step: 2212, -1
Step: 3212, -1
Step: 2212, -1
Step: 2212, -1
Step: 2221, -1
Step: 2221, 1
Step: 2221, 1
Step: 2221, 0.5
Step: 2221, 1
